desc: I1 cache:         32768 B, 64 B, 8-way associative
desc: D1 cache:         16384 B, 32 B, 4-way associative
desc: LL cache:         6291456 B, 64 B, 12-way associative
cmd: ./main 16
events: Ir I1mr ILmr Dr D1mr DLmr Dw D1mw DLmw 
fl=/build/eglibc-oGUzwX/eglibc-2.19/csu/../csu/init-first.c
fn=_init
52 8 1 1 0 0 0 4 0 0
58 4 1 1 1 1 0 1 1 1
65 5 1 1 4 2 0 0 0 0
70 1 0 0 0 0 0 1 1 1
71 1 0 0 0 0 0 1 0 0
72 2 0 0 1 1 0 1 1 1
86 4 0 0 0 0 0 1 0 0
94 1 0 0 0 0 0 1 0 0
99 6 0 0 5 0 0 0 0 0
fl=/build/eglibc-oGUzwX/eglibc-2.19/csu/../sysdeps/generic/dl-hash.h
fn=_init
43 1 0 0 0 0 0 0 0 0
44 1 0 0 0 0 0 0 0 0
45 13 0 0 4 1 0 0 0 0
48 12 0 0 0 0 0 0 0 0
49 8 0 0 0 0 0 0 0 0
62 8 0 0 0 0 0 0 0 0
67 1 1 1 0 0 0 0 0 0
fl=/build/eglibc-oGUzwX/eglibc-2.19/csu/../sysdeps/unix/sysv/linux/x86_64/init-first.c
fn=_init
38 7 1 1 0 0 0 4 0 0
40 4 0 0 0 0 0 1 0 0
41 2 0 0 0 0 0 0 0 0
42 2 1 1 0 0 0 0 0 0
43 2 1 1 1 1 0 0 0 0
44 1 0 0 0 0 0 1 1 0
46 3 0 0 0 0 0 1 0 0
50 3 0 0 0 0 0 0 0 0
51 2 0 0 1 0 0 0 0 0
52 1 0 0 0 0 0 1 1 0
fl=/build/eglibc-oGUzwX/eglibc-2.19/csu/../sysdeps/x86_64/multiarch/init-arch.c
fn=__get_cpu_features
200 42 0 0 14 1 0 0 0 0
204 28 0 0 14 0 0 0 0 0
fn=__init_cpu_features
31 7 1 1 0 0 0 4 0 0
37 3 0 0 0 0 0 0 0 0
38 3 0 0 0 0 0 0 0 0
39 2 0 0 0 0 0 0 0 0
45 1 0 0 0 0 0 1 0 0
54 3 1 1 0 0 0 1 0 0
57 6 0 0 0 0 0 0 0 0
59 3 0 0 0 0 0 0 0 0
65 3 0 0 0 0 0 0 0 0
66 2 1 1 0 0 0 0 0 0
71 2 0 0 0 0 0 0 0 0
74 12 1 1 0 0 0 0 0 0
101 2 1 1 0 0 0 0 0 0
123 1 0 0 1 1 1 0 0 0
127 1 1 1 0 0 0 0 0 0
152 2 1 1 1 0 0 0 0 0
153 7 0 0 0 0 0 4 1 0
160 3 0 0 1 0 0 0 0 0
164 2 0 0 0 0 0 0 0 0
166 3 1 1 0 0 0 0 0 0
170 2 1 1 0 0 0 0 0 0
171 1 0 0 1 0 0 0 0 0
173 2 0 0 0 0 0 0 0 0
176 2 0 0 1 0 0 0 0 0
184 6 1 1 0 0 0 0 0 0
185 5 0 0 0 0 0 0 0 0
186 2 0 0 0 0 0 0 0 0
189 1 0 0 0 0 0 1 0 0
190 1 0 0 0 0 0 1 0 0
192 1 0 0 0 0 0 1 0 0
193 2 0 0 2 0 0 0 0 0
fl=/build/eglibc-oGUzwX/eglibc-2.19/csu/libc-start.c
fn=(below main)
133 10 1 1 0 0 0 8 0 0
137 7 2 2 1 1 0 1 0 0
219 2 0 0 0 0 0 0 0 0
220 4 0 0 0 0 0 1 0 0
242 6 0 0 2 0 0 0 0 0
245 2 0 0 0 0 0 0 0 0
246 5 1 1 4 0 0 1 0 0
250 4 1 0 2 2 0 0 0 0
265 2 0 0 0 0 0 0 0 0
274 2 0 0 0 0 0 1 0 0
275 2 1 1 0 0 0 0 0 0
280 2 0 0 1 1 0 1 0 0
281 2 0 0 1 1 0 1 0 0
284 2 0 0 0 0 0 1 0 0
287 6 1 0 5 3 0 1 0 0
321 2 0 0 0 0 0 1 0 0
fl=/build/eglibc-oGUzwX/eglibc-2.19/ctype/ctype-info.c
fn=__ctype_init
31 7 2 2 5 4 0 1 0 0
33 4 0 0 2 1 0 1 0 0
35 5 1 1 3 0 0 1 0 0
fl=/build/eglibc-oGUzwX/eglibc-2.19/elf/../elf/dl-runtime.c
fn=_dl_fixup
66 430 2 2 0 0 0 258 1 0
68 86 0 0 86 0 0 0 0 0
69 172 0 0 172 7 0 0 0 0
72 430 0 0 172 27 0 0 0 0
73 602 0 0 172 88 0 86 0 0
74 258 1 1 172 23 0 0 0 0
79 172 0 0 0 0 0 0 0 0
83 172 0 0 86 85 45 0 0 0
85 2 0 0 0 0 0 0 0 0
87 258 0 0 86 13 0 0 0 0
91 170 0 0 170 89 0 0 0 0
92 340 1 1 85 5 0 0 0 0
94 340 0 0 85 21 0 0 0 0
100 86 0 0 0 0 0 0 0 0
101 258 0 0 86 3 0 0 0 0
108 172 0 0 86 4 0 86 0 0
111 860 1 1 172 13 0 258 1 0
115 258 0 0 86 0 0 0 0 0
119 344 1 1 86 0 0 86 0 0
125 516 0 0 172 8 0 0 0 0
133 86 0 0 86 0 0 0 0 0
141 344 0 0 86 0 0 0 0 0
145 258 0 0 86 3 0 0 0 0
149 430 0 0 344 0 0 0 0 0
fl=/build/eglibc-oGUzwX/eglibc-2.19/elf/../elf/dl-sysdep.c
fn=_dl_sysdep_start
86 8 1 1 0 0 0 7 3 1
87 2 0 0 0 0 0 0 0 0
88 1 0 0 0 0 0 0 0 0
110 1 0 0 0 0 0 1 0 0
111 204 1 1 66 17 8 4 3 3
114 2 0 0 0 0 0 1 0 0
115 1 0 0 0 0 0 1 1 1
117 90 4 4 23 7 4 10 0 0
118 111 0 0 21 5 3 0 0 0
121 1 0 0 1 1 1 0 0 0
122 1 0 0 0 0 0 0 0 0
124 1 0 0 1 1 0 0 0 0
125 1 0 0 0 0 0 0 0 0
127 1 1 1 1 1 0 0 0 0
128 1 0 0 0 0 0 0 0 0
130 1 0 0 1 0 0 0 0 0
131 1 0 0 0 0 0 0 0 0
151 1 1 1 1 1 0 0 0 0
152 1 0 0 0 0 0 0 0 0
154 1 0 0 1 0 0 0 0 0
155 1 0 0 0 0 0 0 0 0
157 1 1 1 1 0 0 0 0 0
158 1 0 0 0 0 0 0 0 0
163 1 0 0 1 0 0 0 0 0
164 1 0 0 0 0 0 0 0 0
179 1 0 0 1 0 0 0 0 0
180 1 0 0 0 0 0 0 0 0
232 3 1 1 0 0 0 2 0 0
234 5 0 0 0 0 0 1 0 0
246 3 1 1 1 0 0 0 0 0
249 6 0 0 2 0 0 1 0 0
250 1 1 0 1 1 0 0 0 0
251 8 0 0 7 2 0 0 0 0
fn=_dl_sysdep_start_cleanup
256 1 1 1 1 0 0 0 0 0
fl=/build/eglibc-oGUzwX/eglibc-2.19/elf/../misc/sbrk.c
fn=sbrk
34 4 1 1 0 0 0 2 1 1
42 6 0 0 2 1 0 0 0 0
46 2 1 1 0 0 0 0 0 0
57 5 0 0 3 0 0 0 0 0
fl=/build/eglibc-oGUzwX/eglibc-2.19/elf/../sysdeps/unix/sysv/linux/dl-osinfo.h
fn=security_init
61 2 0 0 0 0 0 0 0 0
84 2 1 1 1 1 0 1 0 0
86 1 1 1 1 0 0 0 0 0
93 1 0 0 1 0 0 0 0 0
101 2 0 0 0 0 0 0 0 0
112 1 0 0 1 0 0 0 0 0
fl=/build/eglibc-oGUzwX/eglibc-2.19/elf/../sysdeps/unix/sysv/linux/dl-sysdep.c
fn=_dl_discover_osversion
45 7 1 1 0 0 0 6 0 0
47 3 0 0 1 0 0 0 0 0
87 5 1 1 0 0 0 1 1 1
102 1 0 0 0 0 0 0 0 0
106 1 0 0 0 0 0 0 0 0
107 1 0 0 0 0 0 0 0 0
109 12 1 1 3 1 1 0 0 0
111 6 0 0 0 0 0 0 0 0
113 17 0 0 4 1 1 0 0 0
115 1 0 0 0 0 0 0 0 0
116 2 0 0 0 0 0 0 0 0
119 3 0 0 0 0 0 0 0 0
120 3 0 0 0 0 0 0 0 0
121 3 0 0 0 0 0 0 0 0
123 13 1 1 0 0 0 0 0 0
128 2 0 0 0 0 0 0 0 0
132 8 0 0 7 0 0 0 0 0
fn=_dl_sysdep_start
35 2 0 0 0 0 0 1 0 0
fl=/build/eglibc-oGUzwX/eglibc-2.19/elf/../sysdeps/unix/sysv/linux/dl-vdso.c
fn=_dl_vdso_vsym
26 4 0 0 0 0 0 0 0 0
27 8 1 1 8 3 0 0 0 0
28 8 1 1 4 0 0 0 0 0
31 8 0 0 0 0 0 0 0 0
fl=/build/eglibc-oGUzwX/eglibc-2.19/elf/../sysdeps/unix/sysv/linux/x86_64/brk.c
fn=brk
28 1 0 0 0 0 0 0 0 0
31 7 1 1 0 0 0 1 1 1
33 2 0 0 0 0 0 0 0 0
39 1 0 0 0 0 0 0 0 0
40 1 0 0 1 0 0 0 0 0
fl=/build/eglibc-oGUzwX/eglibc-2.19/elf/../sysdeps/x86_64/dl-irel.h
fn=_dl_fixup
32 6 1 1 0 0 0 2 0 0
fl=/build/eglibc-oGUzwX/eglibc-2.19/elf/../sysdeps/x86_64/dl-machine.h
fn=_dl_fixup
210 86 1 1 0 0 0 86 0 0
fn=_dl_relocate_object
71 28 0 0 7 0 0 0 0 0
77 12 1 1 12 9 0 0 0 0
81 18 1 1 6 6 5 0 0 0
87 6 0 0 0 0 0 6 0 0
95 18 0 0 6 0 0 0 0 0
108 12 0 0 0 0 0 6 0 0
111 24 1 1 6 6 0 0 0 0
244 4848 0 0 0 0 0 0 0 0
265 4848 1 1 0 0 0 0 0 0
269 4848 0 0 0 0 0 0 0 0
276 92021 11 11 18602 1420 991 12067 11 0
278 12044 1 1 4808 8 0 0 0 0
281 9616 0 0 2404 0 0 0 0 0
287 16968 0 0 2424 10 3 0 0 0
320 8 1 1 0 0 0 0 0 0
321 12 0 0 4 3 0 4 1 0
328 6 0 0 2 0 0 0 0 0
330 4 0 0 4 1 0 0 0 0
339 4 0 0 0 0 0 2 2 0
382 33 1 1 11 0 0 0 0 0
386 55 1 1 11 1 0 0 0 0
391 55 0 0 22 3 2 11 10 9
410 7218 1 1 2406 601 300 2406 1221 321
422 36 0 0 0 0 0 12 0 0
449 3 1 1 1 0 0 0 0 0
453 6 0 0 3 0 0 1 0 0
455 3 0 0 2 0 0 0 0 0
456 1 0 0 0 0 0 0 0 0
487 5073 0 0 1691 847 424 0 0 0
492 3382 0 0 0 0 0 0 0 0
493 5073 0 0 1691 423 210 1691 648 367
503 1635 0 0 827 0 0 0 0 0
507 1616 0 0 0 0 0 0 0 0
509 2424 0 0 808 2 0 0 0 0
510 808 0 0 808 205 99 0 0 0
527 38 0 0 38 1 1 0 0 0
529 19 0 0 0 0 0 19 0 0
530 19 0 0 0 0 0 19 2 0
fn=_dl_start
58 3 0 0 1 1 1 0 0 0
241 9 1 1 0 0 0 0 0 0
269 18 0 0 0 0 0 0 0 0
278 36 0 0 18 4 2 0 0 0
281 36 0 0 9 6 5 0 0 0
287 55 0 0 9 2 2 0 0 0
391 9 1 1 9 2 1 0 0 0
400 9 0 0 0 0 0 9 3 2
492 20 0 0 10 2 1 0 0 0
493 30 0 0 10 2 1 10 3 2
fn=_dl_sysdep_start
200 5 0 0 2 1 1 0 0 0
fl=/build/eglibc-oGUzwX/eglibc-2.19/elf/../sysdeps/x86_64/dl-trampoline.S
fn=_dl_runtime_resolve
34 86 1 1 0 0 0 0 0 0
36 86 0 0 0 0 0 86 2 0
37 86 0 0 0 0 0 86 0 0
38 86 0 0 0 0 0 86 0 0
39 86 0 0 0 0 0 86 0 0
40 86 0 0 0 0 0 86 0 0
41 86 1 1 0 0 0 86 0 0
42 86 0 0 0 0 0 86 0 0
43 86 0 0 86 0 0 0 0 0
44 86 0 0 86 0 0 0 0 0
45 86 0 0 0 0 0 86 1 0
46 86 0 0 0 0 0 0 0 0
47 86 0 0 86 0 0 0 0 0
48 86 0 0 86 0 0 0 0 0
49 86 0 0 86 0 0 0 0 0
50 86 0 0 86 0 0 0 0 0
51 86 0 0 86 0 0 0 0 0
52 86 0 0 86 0 0 0 0 0
53 86 0 0 86 0 0 0 0 0
54 86 0 0 0 0 0 0 0 0
56 86 1 1 0 0 0 0 0 0
fl=/build/eglibc-oGUzwX/eglibc-2.19/elf/dl-addr.c
fn=_dl_addr
30 2 0 0 1 0 0 1 0 0
31 2 0 0 1 0 0 1 0 0
34 2 0 0 1 0 0 0 0 0
38 1 0 0 1 0 0 0 0 0
39 1 0 0 1 0 0 0 0 0
40 3 1 1 2 0 0 1 0 0
42 2 0 0 2 1 0 0 0 0
45 2 0 0 1 1 0 0 0 0
50 2029 0 0 2 0 0 0 0 0
52 1011 1 1 1011 127 21 0 0 0
53 2022 0 0 0 0 0 0 0 0
55 4930 0 0 905 0 0 0 0 0
61 11075 0 0 2215 950 428 0 0 0
63 8860 1 1 2215 0 0 0 0 0
64 16270 0 0 5089 711 321 0 0 0
69 2215 0 0 0 0 0 0 0 0
71 7656 1 1 2215 278 80 0 0 0
99 3 0 0 1 1 0 0 0 0
100 1 0 0 0 0 0 1 1 0
101 3 1 1 1 1 0 0 0 0
104 2 0 0 0 0 0 0 0 0
116 1 1 1 0 0 0 1 1 0
117 1 0 0 0 0 0 1 0 0
126 11 1 1 0 0 0 8 0 0
131 3 1 1 2 1 0 1 0 0
133 2 0 0 0 0 0 1 0 0
135 2 0 0 0 0 0 0 0 0
138 2 1 1 0 0 0 0 0 0
141 3 0 0 2 2 0 1 0 0
144 9 1 1 7 1 0 0 0 0
fl=/build/eglibc-oGUzwX/eglibc-2.19/elf/dl-altinit.c
fn=dlinit_alt
33 3 0 0 2 0 0 0 0 0
34 1 0 0 1 0 0 0 0 0
fl=/build/eglibc-oGUzwX/eglibc-2.19/elf/dl-cache.c
fn=_dl_cache_libcmp
138 120 1 1 80 36 34 0 0 0
139 440 0 0 0 0 0 0 0 0
141 648 0 0 0 0 0 0 0 0
143 224 0 0 0 0 0 0 0 0
149 12 1 1 0 0 0 0 0 0
150 8 0 0 0 0 0 0 0 0
151 16 0 0 4 0 0 0 0 0
153 20 1 1 4 0 0 0 0 0
155 8 0 0 0 0 0 0 0 0
161 424 1 1 0 0 0 0 0 0
163 776 0 0 352 3 1 0 0 0
164 36 0 0 0 0 0 0 0 0
167 176 0 0 0 0 0 0 0 0
168 176 0 0 0 0 0 0 0 0
171 8 0 0 0 0 0 0 0 0
172 80 0 0 40 0 0 0 0 0
fn=_dl_load_cache_lookup
182 32 1 1 0 0 0 24 0 0
190 8 0 0 4 0 0 0 0 0
193 12 0 0 4 0 0 0 0 0
196 5 1 1 0 0 0 1 0 0
204 5 0 0 1 0 0 0 0 0
205 6 1 1 0 0 0 1 0 0
209 1 0 0 0 0 0 1 0 0
212 4 0 0 1 0 0 0 0 0
215 2 0 0 0 0 0 1 0 0
216 3 0 0 0 0 0 0 0 0
217 5 1 1 0 0 0 1 0 0
219 2 0 0 0 0 0 0 0 0
238 12 0 0 3 0 0 0 0 0
244 12 1 1 4 0 0 0 0 0
253 20 0 0 8 0 0 4 0 0
259 16 0 0 0 0 0 8 0 0
263 28 1 1 8 2 0 8 0 0
264 24 0 0 12 0 0 0 0 0
278 930 9 9 120 39 30 44 0 0
294 8 1 1 4 0 0 0 0 0
299 36 0 0 28 0 0 0 0 0
fn=_dl_unload_cache
308 1 0 0 0 0 0 0 0 0
309 4 1 1 1 1 0 0 0 0
311 2 0 0 1 1 0 1 0 0
312 1 0 0 0 0 0 1 0 0
314 2 0 0 1 0 0 0 0 0
fl=/build/eglibc-oGUzwX/eglibc-2.19/elf/dl-debug.c
fn=_dl_debug_initialize
50 14 1 1 0 0 0 0 0 0
51 7 1 1 7 0 0 0 0 0
55 26 0 0 7 2 0 0 0 0
58 1 0 0 0 0 0 1 0 0
59 2 0 0 0 0 0 1 0 0
60 6 0 0 2 0 0 1 0 0
61 2 0 0 0 0 0 1 0 0
fn=_dl_debug_state
74 2 0 0 2 0 0 0 0 0
fl=/build/eglibc-oGUzwX/eglibc-2.19/elf/dl-deps.c
fn=_dl_map_object_deps
147 11 2 2 0 0 0 9 0 0
148 9 0 0 0 0 0 1 0 0
160 6 0 0 0 0 0 2 0 0
161 2 1 1 0 0 0 2 0 0
162 10 0 0 0 0 0 3 0 0
164 1 0 0 0 0 0 0 0 0
168 8 1 1 2 0 0 2 0 0
178 8 0 0 1 0 0 0 0 0
179 1 0 0 1 0 0 0 0 0
182 3 0 0 0 0 0 2 0 0
188 1 0 0 0 0 0 1 0 0
189 1 0 0 0 0 0 1 0 0
201 2 1 1 1 0 0 1 0 0
202 1 0 0 0 0 0 0 0 0
203 1 0 0 0 0 0 1 0 0
204 2 1 1 0 0 0 2 0 0
209 7 0 0 0 0 0 0 0 0
210 7 0 0 0 0 0 0 0 0
213 7 1 1 0 0 0 7 0 0
217 28 1 1 14 7 0 0 0 0
218 32 1 1 13 0 0 0 0 0
220 5 0 0 0 0 0 0 0 0
222 15 0 0 10 1 0 0 0 0
224 26 1 1 2 0 0 4 0 0
229 22 0 0 11 2 0 0 0 0
231 15 0 0 10 1 0 5 0 0
236 5 0 0 0 0 0 5 0 0
237 5 0 0 0 0 0 5 0 0
238 10 0 0 5 0 0 5 0 0
239 10 0 0 5 0 0 5 0 0
242 567 1 1 148 28 0 5 0 0
243 266 1 1 0 0 0 0 0 0
249 70 0 0 20 1 0 10 0 0
251 10 0 0 0 0 0 10 0 0
254 60 1 1 40 0 0 10 0 0
256 30 0 0 10 0 0 0 0 0
271 10 0 0 10 0 0 0 0 0
273 20 0 0 10 0 0 0 0 0
278 15 1 1 0 0 0 0 0 0
281 5 0 0 0 0 0 5 1 0
282 5 0 0 0 0 0 5 0 0
283 5 0 0 0 0 0 5 0 0
284 10 0 0 5 0 0 5 0 0
286 20 1 1 5 1 0 5 0 0
288 25 0 0 5 0 0 10 0 0
292 20 0 0 0 0 0 0 0 0
293 21 0 0 0 0 0 7 0 0
295 369 2 2 0 0 0 0 0 0
343 9 0 0 0 0 0 4 0 0
471 14 0 0 0 0 0 0 0 0
473 15 0 0 0 0 0 5 1 0
475 10 0 0 0 0 0 5 0 0
476 10 1 1 0 0 0 0 0 0
477 10 0 0 0 0 0 0 0 0
480 5 0 0 0 0 0 5 2 1
481 30 0 0 0 0 0 5 0 0
482 25 0 0 0 0 0 5 0 0
485 5 0 0 0 0 0 5 0 0
486 5 0 0 5 0 0 0 0 0
490 28 1 1 14 0 0 0 0 0
492 7 1 1 7 1 0 0 0 0
493 32 0 0 6 0 0 0 0 0
497 6 0 0 2 0 0 0 0 0
498 2 0 0 1 0 0 1 0 0
501 5 1 1 2 0 0 1 0 0
511 2 1 1 0 0 0 1 0 0
512 3 0 0 1 0 0 0 0 0
514 2 0 0 0 0 0 0 0 0
519 7 0 0 2 0 0 1 0 0
520 4 0 0 1 0 0 1 0 0
522 38 1 1 15 1 0 1 0 0
528 21 0 0 7 0 0 7 3 2
532 14 0 0 14 0 0 0 0 0
535 2 0 0 1 0 0 0 0 0
586 6 1 1 3 0 0 1 0 0
587 1 1 1 0 0 0 1 0 0
588 3 0 0 1 0 0 0 0 0
623 7 1 1 1 0 0 2 0 0
625 3 0 0 0 0 0 0 0 0
629 31 1 1 16 0 0 3 0 0
630 8 2 2 0 0 0 2 0 0
631 3 0 0 1 0 0 1 0 0
635 8 0 0 8 0 0 0 0 0
636 16 0 0 8 0 0 0 0 0
642 61 0 0 8 0 0 0 0 0
644 68 0 0 34 0 0 0 0 0
645 39 0 0 0 0 0 0 0 0
647 111 1 1 37 0 0 0 0 0
648 81 0 0 0 0 0 0 0 0
652 20 1 1 0 0 0 10 0 0
654 2 0 0 0 0 0 2 0 0
656 20 1 1 14 0 0 0 0 0
658 2 1 1 2 0 0 0 0 0
662 2 1 1 2 0 0 0 0 0
663 14 1 1 4 0 0 4 0 0
665 2 0 0 0 0 0 2 0 0
667 4 0 0 2 0 0 0 0 0
670 15 0 0 0 0 0 0 0 0
673 18 0 0 6 0 0 0 0 0
676 83 0 0 21 0 0 21 0 0
683 2 0 0 1 0 0 1 0 0
685 2 0 0 1 0 0 1 0 0
686 1 0 0 1 0 0 0 0 0
687 3 0 0 1 0 0 0 0 0
694 3 0 0 1 0 0 0 0 0
697 2 0 0 0 0 0 0 0 0
700 8 0 0 7 2 0 0 0 0
fn=openaux
60 20 1 1 0 0 0 10 0 0
63 100 0 0 40 1 0 20 1 0
64 20 1 1 10 0 0 0 0 0
67 10 0 0 10 0 0 0 0 0
68 20 0 0 20 1 0 0 0 0
fl=/build/eglibc-oGUzwX/eglibc-2.19/elf/dl-environ.c
fn=_dl_next_ld_env_entry
30 3 1 1 3 0 0 0 0 0
31 1 0 0 0 0 0 0 0 0
33 197 0 0 65 0 0 0 0 0
35 128 0 0 64 49 29 0 0 0
36 22 1 1 10 0 0 0 0 0
38 2 0 0 0 0 0 0 0 0
41 4 0 0 0 0 0 2 0 0
43 2 0 0 2 0 0 0 0 0
46 62 0 0 0 0 0 0 0 0
50 1 0 0 1 0 0 0 0 0
fl=/build/eglibc-oGUzwX/eglibc-2.19/elf/dl-error.c
fn=_dl_catch_error
163 44 1 1 0 0 0 33 0 0
175 22 0 0 0 0 0 22 4 3
176 22 0 0 0 0 0 22 2 1
177 22 1 1 0 0 0 22 0 0
178 22 0 0 0 0 0 11 1 0
180 22 0 0 11 0 0 22 2 1
181 22 0 0 11 0 0 11 0 0
182 22 0 0 0 0 0 11 0 0
185 66 0 0 0 0 0 11 0 0
187 33 1 1 22 0 0 11 0 0
188 33 0 0 22 0 0 11 0 0
189 22 0 0 11 0 0 11 0 0
190 22 0 0 11 0 0 11 0 0
191 22 0 0 11 0 0 11 0 0
199 44 0 0 22 0 0 0 0 0
fn=_dl_receive_error
205 10 1 1 0 0 0 6 0 0
206 2 0 0 1 0 0 1 0 0
210 1 0 0 1 0 0 0 0 0
211 1 0 0 1 0 0 0 0 0
214 1 0 0 0 0 0 1 0 0
215 1 1 1 0 0 0 1 0 0
217 2 0 0 0 0 0 1 0 0
219 1 0 0 0 0 0 1 0 0
220 1 0 0 0 0 0 1 0 0
221 8 0 0 7 0 0 0 0 0
fl=/build/eglibc-oGUzwX/eglibc-2.19/elf/dl-fini.c
fn=_dl_fini
131 8 2 2 0 0 0 6 0 0
143 1 0 0 0 0 0 0 0 0
144 1 0 0 0 0 0 1 0 0
150 1 0 0 0 0 0 1 0 0
153 12 1 1 2 1 0 2 0 0
156 2 0 0 1 1 0 1 0 0
159 2 1 1 2 1 0 0 0 0
162 2 0 0 0 0 0 0 0 0
164 6 0 0 3 0 0 0 0 0
171 2 0 0 1 0 0 0 0 0
175 4 0 0 1 0 0 0 0 0
177 2 0 0 1 0 0 0 0 0
180 9 1 1 0 0 0 1 0 0
183 2 0 0 0 0 0 1 0 0
191 21 0 0 7 2 0 0 0 0
193 14 0 0 7 1 0 0 0 0
195 14 1 1 7 0 0 0 0 0
197 21 0 0 7 0 0 7 0 0
198 7 0 0 0 0 0 7 4 0
199 7 0 0 7 0 0 0 0 0
203 7 0 0 7 1 0 0 0 0
205 2 0 0 1 0 0 0 0 0
210 6 1 1 2 0 0 1 0 0
219 2 0 0 1 0 0 1 0 0
223 19 0 0 8 0 0 0 0 0
225 7 0 0 7 0 0 0 0 0
227 21 0 0 7 0 0 0 0 0
230 14 0 0 0 0 0 7 0 0
233 21 1 1 7 6 0 0 0 0
234 4 1 1 2 2 0 0 0 0
237 10 0 0 5 0 0 0 0 0
244 10 0 0 0 0 0 0 0 0
248 10 0 0 10 6 0 0 0 0
249 5 0 0 5 3 0 0 0 0
250 10 0 0 5 3 0 0 0 0
251 30 0 0 0 0 0 0 0 0
252 10 1 1 5 5 0 5 0 0
256 15 0 0 5 5 0 0 0 0
257 15 0 0 10 5 0 5 0 0
262 42 0 0 14 1 0 0 0 0
278 14 1 1 7 0 0 0 0 0
283 6 0 0 2 0 0 0 0 0
289 2 2 2 1 0 0 0 0 0
296 8 0 0 7 1 0 0 0 0
fn=_dl_sort_fini
32 13 2 2 0 0 0 10 0 0
34 2 0 0 0 0 0 0 0 0
39 4 0 0 0 0 0 1 0 0
40 6 0 0 0 0 0 1 0 0
41 3 0 0 1 0 0 1 0 0
45 24 0 0 8 0 0 8 0 0
46 24 0 0 8 0 0 0 0 0
50 40 1 1 16 0 0 0 0 0
56 24 1 1 9 0 0 1 0 0
57 53 0 0 0 0 0 0 0 0
59 68 0 0 34 5 0 0 0 0
60 39 0 0 0 0 0 0 0 0
62 111 1 1 37 6 0 0 0 0
63 81 0 0 0 0 0 0 0 0
68 22 0 0 0 0 0 12 0 0
70 2 0 0 0 0 0 2 0 0
72 16 1 1 12 0 0 0 0 0
80 12 1 1 6 0 0 0 0 0
87 18 1 1 4 0 0 8 0 0
88 4 0 0 2 0 0 2 0 0
90 6 0 0 4 0 0 0 0 0
93 45 0 0 15 0 0 0 0 0
114 15 0 0 0 0 0 0 0 0
118 31 0 0 6 0 0 0 0 0
121 68 1 1 28 0 0 15 0 0
125 10 1 1 7 0 0 2 0 0
fl=/build/eglibc-oGUzwX/eglibc-2.19/elf/dl-hwcaps.c
fn=_dl_important_hwcaps
39 12 2 2 0 0 0 10 3 1
41 1 0 0 1 0 0 0 0 0
42 4 0 0 0 0 0 1 0 0
51 3 0 0 1 0 0 0 0 0
61 4 2 2 1 0 0 1 0 0
92 2 1 1 0 0 0 0 0 0
113 1 1 1 0 0 0 0 0 0
115 5 0 0 0 0 0 1 0 0
130 6 1 1 0 0 0 0 0 0
131 2 0 0 0 0 0 0 0 0
133 2 0 0 0 0 0 0 0 0
145 2 1 1 0 0 0 0 0 0
162 2 1 1 0 0 0 0 0 0
170 2 1 1 1 0 0 0 0 0
172 4 1 1 1 0 0 1 0 0
173 4 0 0 1 0 0 1 0 0
177 3 0 0 0 0 0 1 0 0
178 1 0 0 0 0 0 1 0 0
181 2 0 0 0 0 0 0 0 0
184 2 1 1 0 0 0 0 0 0
188 12 0 0 2 0 0 3 0 0
189 2 0 0 0 0 0 0 0 0
207 12 2 2 1 0 0 6 2 0
208 5 0 0 0 0 0 1 0 0
209 4 0 0 2 0 0 0 0 0
238 3 1 1 0 0 0 2 1 0
241 2 0 0 0 0 0 0 0 0
243 5 2 2 2 0 0 2 0 0
244 7 0 0 2 0 0 4 0 0
269 19 1 1 3 0 0 0 0 0
270 8 1 1 0 0 0 4 1 0
274 12 0 0 0 0 0 0 0 0
277 28 1 1 0 0 0 0 0 0
278 24 0 0 0 0 0 0 0 0
279 12 0 0 8 0 0 0 0 0
281 4 1 1 0 0 0 0 0 0
284 3 0 0 1 0 0 0 0 0
285 1 0 0 0 0 0 0 0 0
286 12 2 2 3 0 0 0 0 0
299 6 0 0 2 0 0 2 0 0
300 2 0 0 0 0 0 0 0 0
302 4 0 0 0 0 0 0 0 0
305 3 0 0 2 0 0 1 0 0
307 1 0 0 0 0 0 0 0 0
308 8 0 0 7 0 0 0 0 0
fl=/build/eglibc-oGUzwX/eglibc-2.19/elf/dl-init.c
fn=_dl_init
36 47 1 1 8 2 0 7 0 0
86 11 1 1 0 0 0 6 0 0
87 1 0 0 1 1 0 0 0 0
88 1 0 0 1 0 0 0 0 0
91 3 0 0 1 0 0 0 0 0
94 2 0 0 0 0 0 1 0 0
98 4 1 1 1 0 0 0 0 0
125 24 0 0 0 0 0 0 0 0
126 21 0 0 14 4 0 0 0 0
132 8 0 0 7 2 0 0 0 0
fn=call_init.part.0
34 63 0 0 0 0 0 35 1 0
42 21 1 1 7 0 0 7 0 0
45 28 0 0 14 12 0 0 0 0
46 3 1 1 0 0 0 0 0 0
50 18 0 0 6 6 0 0 0 0
51 2 0 0 1 1 0 0 0 0
55 10 0 0 5 0 0 0 0 0
63 10 0 0 0 0 0 0 0 0
64 30 1 1 10 7 0 5 1 0
67 5 0 0 5 5 0 0 0 0
68 10 0 0 0 0 0 0 0 0
74 15 0 0 10 4 0 0 0 0
76 10 0 0 10 4 0 0 0 0
77 55 0 0 0 0 0 0 0 0
78 75 1 1 15 8 0 15 0 0
80 42 0 0 42 2 0 0 0 0
fl=/build/eglibc-oGUzwX/eglibc-2.19/elf/dl-load.c
fn=_dl_init_paths
714 9 1 1 0 0 0 6 0 0
727 6 1 1 2 0 0 2 0 0
731 1 0 0 0 0 0 1 0 0
732 3 0 0 0 0 0 1 0 0
733 2 0 0 0 0 0 0 0 0
740 5 0 0 0 0 0 0 0 0
741 5 1 1 1 0 0 2 0 0
744 1 0 0 0 0 0 1 0 0
745 2 0 0 0 0 0 1 0 0
747 3 0 0 1 0 0 0 0 0
753 1 0 0 0 0 0 1 0 0
754 1 0 0 0 0 0 1 0 0
762 13 0 0 0 0 0 3 1 1
764 8 1 1 0 0 0 4 2 0
765 7 0 0 0 0 0 4 4 3
767 8 1 1 0 0 0 4 0 0
768 14 1 1 3 1 1 4 2 1
769 33 0 0 4 0 0 13 0 0
772 9 0 0 3 2 1 0 0 0
776 27 1 1 15 0 0 5 0 0
782 1 0 0 0 0 0 1 1 1
783 1 0 0 0 0 0 1 0 0
787 1 1 1 1 0 0 0 0 0
788 2 0 0 0 0 0 0 0 0
790 4 0 0 1 0 0 0 0 0
792 3 1 1 1 0 0 0 0 0
809 1 0 0 0 0 0 1 1 0
811 3 1 1 1 1 0 0 0 0
825 2 1 1 0 0 0 1 1 0
830 4 1 1 1 0 0 0 0 0
838 5 0 0 0 0 0 1 0 0
840 11 1 1 0 0 0 2 0 0
856 2 0 0 0 0 0 0 0 0
857 46 0 0 15 0 0 0 0 0
859 14 0 0 0 0 0 0 0 0
860 42 0 0 0 0 0 0 0 0
861 14 1 1 0 0 0 0 0 0
864 1 0 0 0 0 0 1 0 0
865 1 0 0 0 0 0 1 0 0
866 2 0 0 0 0 0 0 0 0
872 8 1 1 1 0 0 2 0 0
876 3 0 0 2 0 0 0 0 0
882 1 0 0 0 0 0 1 0 0
886 8 0 0 7 0 0 0 0 0
fn=_dl_map_object
161 16 0 0 0 0 0 8 0 0
162 8 0 0 0 0 0 4 0 0
164 12 1 1 4 0 0 0 0 0
167 16 0 0 4 0 0 4 0 0
691 39 1 1 13 0 0 0 0 0
694 10 0 0 0 0 0 2 0 0
2317 110 1 1 0 0 0 88 4 2
2324 22 0 0 0 0 0 0 0 0
2325 22 0 0 11 1 1 0 0 0
2328 222 1 1 52 0 0 0 0 0
2333 141 0 0 47 0 0 0 0 0
2334 94 0 0 0 0 0 0 0 0
2336 241 1 1 0 0 0 47 2 0
2340 82 0 0 41 0 0 0 0 0
2341 123 1 1 41 1 0 0 0 0
2344 22 0 0 22 1 0 0 0 0
2345 44 0 0 44 0 0 0 0 0
2346 88 0 0 0 0 0 22 0 0
2362 10 0 0 5 0 0 0 0 0
2372 30 1 1 5 0 0 5 0 0
2396 5 0 0 0 0 0 5 1 1
2398 25 0 0 0 0 0 5 0 0
2402 16 1 1 0 0 0 8 0 0
2404 8 0 0 4 0 0 0 0 0
2411 16 1 1 4 0 0 0 0 0
2415 8 1 1 4 0 0 4 0 0
2416 12 0 0 0 0 0 4 0 0
2420 15 0 0 5 1 0 0 0 0
2421 8 0 0 1 0 0 0 0 0
2423 44 1 1 0 0 0 16 0 0
2435 16 2 2 12 0 0 0 0 0
2436 28 2 2 8 0 0 0 0 0
2437 4 0 0 0 0 0 0 0 0
2446 13 0 0 4 0 0 1 0 0
2447 72 1 1 8 0 0 16 0 0
2453 24 1 1 0 0 0 8 0 0
2454 6 0 0 0 0 0 0 0 0
2456 8 1 1 4 0 0 4 0 0
2462 16 0 0 0 0 0 4 0 0
2464 12 0 0 4 0 0 0 0 0
2468 12 0 0 0 0 0 8 0 0
2470 8 1 1 0 0 0 0 0 0
2474 12 0 0 4 0 0 0 0 0
2482 8 0 0 4 1 0 0 0 0
2504 36 1 1 8 0 0 4 0 0
2507 12 0 0 0 0 0 4 0 0
2509 4 0 0 0 0 0 4 0 0
2510 12 0 0 4 0 0 0 0 0
2530 8 2 2 4 0 0 0 0 0
2536 1 0 0 0 0 0 1 0 0
2538 6 1 1 0 0 0 1 0 0
2539 3 0 0 0 0 0 0 0 0
2540 1 0 0 0 0 0 0 0 0
2543 7 0 0 0 0 0 1 0 0
2546 2 0 0 0 0 0 0 0 0
2558 20 1 1 5 0 0 0 0 0
2560 10 0 0 0 0 0 0 0 0
2604 10 1 1 5 0 0 5 0 0
2605 60 0 0 10 0 0 20 0 0
2607 88 0 0 77 0 0 0 0 0
fn=_dl_map_object_from_fd
474 8 1 1 4 0 0 0 0 0
923 75 2 2 0 0 0 50 2 2
934 20 0 0 5 0 0 10 2 1
935 5 0 0 0 0 0 5 0 0
938 30 0 0 0 0 0 5 0 0
949 95 1 1 30 1 0 0 0 0
950 95 1 1 50 2 1 0 0 0
967 10 1 1 5 0 0 0 0 0
992 10 1 1 5 0 0 0 0 0
1002 10 0 0 5 0 0 0 0 0
1024 20 0 0 10 0 0 0 0 0
1056 10 0 0 0 0 0 0 0 0
1059 40 1 1 20 0 0 5 0 0
1060 10 0 0 0 0 0 0 0 0
1071 15 0 0 10 0 0 5 5 2
1072 15 2 2 10 0 0 5 0 0
1073 10 0 0 5 0 0 5 0 0
1075 25 0 0 0 0 0 0 0 0
1076 20 0 0 10 0 0 0 0 0
1077 5 0 0 0 0 0 0 0 0
1092 5 0 0 0 0 0 5 0 0
1101 60 1 1 10 0 0 15 1 0
1102 5 0 0 0 0 0 0 0 0
1103 5 0 0 0 0 0 0 0 0
1109 343 2 2 0 0 0 0 0 0
1110 329 1 1 41 0 0 0 0 0
1116 10 0 0 5 0 0 5 0 0
1117 15 0 0 5 0 0 5 0 0
1118 5 0 0 0 0 0 0 0 0
1121 4 1 1 2 0 0 2 0 0
1122 2 0 0 0 0 0 0 0 0
1127 50 1 1 20 1 0 0 0 0
1133 60 0 0 20 1 0 0 0 0
1134 10 0 0 0 0 0 0 0 0
1141 50 0 0 10 0 0 0 0 0
1142 40 0 0 0 0 0 10 5 4
1143 30 1 1 10 0 0 0 0 0
1144 20 0 0 0 0 0 10 5 1
1145 10 0 0 0 0 0 10 0 0
1146 20 0 0 10 0 0 10 3 1
1147 20 1 1 0 0 0 10 0 0
1151 20 0 0 0 0 0 0 0 0
1152 15 0 0 5 0 0 0 0 0
1157 70 0 0 10 0 0 10 3 2
1167 10 0 0 0 0 0 0 0 0
1170 6 0 0 2 0 0 0 0 0
1174 2 0 0 0 0 0 2 2 2
1175 4 1 1 2 0 0 2 0 0
1176 4 0 0 0 0 0 0 0 0
1177 2 0 0 0 0 0 0 0 0
1179 6 0 0 2 0 0 2 0 0
1180 4 0 0 2 0 0 2 1 1
1183 4 0 0 2 0 0 2 1 1
1187 8 0 0 2 0 0 0 0 0
1193 6 0 0 2 0 0 4 4 2
1194 2 0 0 0 0 0 0 0 0
1198 20 0 0 5 0 0 5 0 0
1206 25 0 0 0 0 0 0 0 0
1250 10 1 1 5 0 0 5 0 0
1251 20 0 0 0 0 0 0 0 0
1254 10 1 1 5 0 0 5 3 1
1255 15 0 0 10 0 0 5 0 0
1256 5 0 0 0 0 0 0 0 0
1259 15 1 1 0 0 0 0 0 0
1272 40 0 0 25 0 0 5 0 0
1274 10 1 1 5 0 0 0 0 0
1288 5 0 0 5 0 0 0 0 0
1293 35 0 0 20 0 0 10 3 3
1297 10 1 1 0 0 0 0 0 0
1304 15 0 0 5 0 0 5 0 0
1305 15 0 0 10 0 0 5 0 0
1307 10 0 0 0 0 0 0 0 0
1313 30 0 0 5 0 0 5 0 0
1314 5 1 1 5 0 0 0 0 0
1317 5 0 0 5 0 0 0 0 0
1319 5 1 1 5 0 0 0 0 0
1340 50 1 1 10 0 0 0 0 0
1342 20 0 0 10 0 0 0 0 0
1344 50 0 0 20 0 0 5 0 0
1352 30 0 0 10 0 0 0 0 0
1353 15 0 0 10 0 0 5 0 0
1355 20 0 0 10 2 1 0 0 0
1356 15 1 1 9 0 0 0 0 0
1357 18 0 0 6 0 0 0 0 0
1358 15 1 1 3 0 0 0 0 0
1360 12 0 0 0 0 0 3 0 0
1363 40 0 0 20 0 0 0 0 0
1369 10 0 0 5 0 0 0 0 0
1370 5 0 0 0 0 0 0 0 0
1371 25 1 1 5 0 0 0 0 0
1372 10 0 0 0 0 0 0 0 0
1379 10 0 0 0 0 0 0 0 0
1382 10 0 0 0 0 0 0 0 0
1393 35 0 0 0 0 0 15 0 0
1394 25 0 0 15 0 0 0 0 0
1399 10 0 0 0 0 0 0 0 0
1403 16 0 0 2 0 0 2 0 0
1406 4 0 0 0 0 0 0 0 0
1414 10 1 1 0 0 0 0 0 0
1418 20 0 0 10 0 0 0 0 0
1427 15 0 0 5 0 0 5 0 0
1433 10 1 1 0 0 0 0 0 0
1449 15 0 0 5 0 0 0 0 0
1468 10 0 0 5 0 0 5 0 0
1470 25 1 1 10 0 0 0 0 0
1525 15 0 0 5 3 3 0 0 0
1526 4 0 0 2 0 0 2 0 0
1529 20 0 0 5 0 0 5 0 0
1537 35 2 2 5 0 0 0 0 0
1540 20 0 0 10 0 0 5 0 0
1542 10 0 0 5 0 0 0 0 0
1558 10 0 0 0 0 0 5 0 0
1562 10 0 0 5 0 0 0 0 0
1563 10 1 1 5 3 0 0 0 0
1580 10 0 0 5 0 0 0 0 0
1581 1 0 0 0 0 0 1 0 0
1584 10 0 0 5 0 0 5 0 0
1585 10 0 0 5 0 0 5 3 0
1589 10 1 1 5 0 0 0 0 0
1599 15 0 0 5 0 0 5 0 0
1603 20 0 0 5 0 0 0 0 0
1623 40 0 0 35 0 0 0 0 0
fn=cache_rpath.part.5
686 18 2 2 0 0 0 12 0 0
697 8 0 0 2 0 0 0 0 0
700 2 1 1 0 0 0 2 0 0
708 16 1 1 14 0 0 0 0 0
fn=expand_dynamic_string_token
161 6 0 0 0 0 0 2 0 0
162 4 0 0 0 0 0 2 0 0
164 4 0 0 0 0 0 0 0 0
167 8 0 0 0 0 0 0 0 0
415 16 1 1 0 0 0 10 0 0
425 10 1 1 0 0 0 2 1 0
440 10 0 0 10 0 0 0 0 0
fn=fillin_rpath
486 17 2 2 0 0 0 12 0 0
488 1 0 0 0 0 0 0 0 0
491 7 0 0 0 0 0 2 0 0
495 5 0 0 1 0 0 1 0 0
497 3 0 0 0 0 0 1 0 0
501 2 1 1 0 0 0 0 0 0
508 8 1 1 1 0 0 0 0 0
513 2 0 0 0 0 0 1 0 0
516 5 1 1 1 0 0 0 0 0
523 18 1 1 5 0 0 1 0 0
524 8 1 1 4 0 0 0 0 0
542 4 1 1 1 0 0 1 0 0
545 2 0 0 0 0 0 1 0 0
546 4 1 1 2 0 0 1 0 0
547 4 0 0 0 0 0 2 0 0
548 4 1 1 2 0 0 0 0 0
552 1 0 0 0 0 0 1 1 1
553 1 0 0 0 0 0 0 0 0
554 5 0 0 0 0 0 3 0 0
555 1 0 0 0 0 0 1 0 0
557 3 1 1 2 0 0 0 0 0
563 4 0 0 1 0 0 0 0 0
564 14 1 1 0 0 0 0 0 0
565 10 0 0 0 0 0 2 0 0
567 2 1 1 1 0 0 1 0 0
568 2 0 0 1 0 0 0 0 0
573 2 1 1 0 0 0 1 0 0
575 2 0 0 1 0 0 1 0 0
576 1 0 0 0 0 0 1 0 0
579 3 1 1 0 0 0 1 0 0
581 4 0 0 2 0 0 1 0 0
585 1 0 0 0 0 0 1 0 0
588 9 0 0 7 0 0 0 0 0
fn=open_path
2168 56 2 2 0 0 0 48 3 0
2169 8 0 0 4 0 0 4 0 0
2172 4 0 0 0 0 0 4 1 1
2173 4 0 0 0 0 0 4 0 0
2175 8 0 0 0 0 0 0 0 0
2180 32 1 1 8 1 0 0 0 0
2183 4 0 0 4 0 0 0 0 0
2187 8 0 0 0 0 0 0 0 0
2192 8 0 0 4 0 0 0 0 0
2199 20 0 0 8 0 0 8 2 2
2200 76 1 1 7 0 0 0 0 0
2203 32 1 1 16 0 0 0 0 0
2207 91 1 1 42 0 0 14 0 0
2210 7 0 0 0 0 0 0 0 0
2213 14 1 1 7 0 0 0 0 0
2216 49 0 0 28 0 0 7 0 0
2218 21 0 0 7 0 0 0 0 0
2220 8 0 0 0 0 0 0 0 0
2225 8 1 1 4 0 0 0 0 0
2226 36 0 0 16 0 0 0 0 0
2232 32 1 1 8 0 0 8 0 0
2234 24 0 0 4 0 0 4 0 0
2235 2 0 0 1 0 0 0 0 0
2237 21 1 1 4 0 0 4 0 0
2244 20 0 0 0 0 0 0 0 0
2246 9 0 0 0 0 0 0 0 0
2254 8 1 1 0 0 0 4 0 0
2282 4 0 0 0 0 0 0 0 0
2285 20 0 0 4 0 0 0 0 0
2290 4 0 0 4 0 0 0 0 0
2292 16 1 1 12 0 0 0 0 0
2295 12 0 0 4 0 0 0 0 0
2309 35 2 2 28 0 0 0 0 0
fn=open_verify
1873 12 1 1 0 0 0 8 1 1
1909 3 0 0 1 0 0 0 0 0
1930 5 1 1 1 0 0 2 0 0
1931 2 0 0 0 0 0 0 0 0
1941 1 0 0 0 0 0 1 0 0
1942 2 0 0 0 0 0 1 1 1
1947 6 0 0 1 0 0 1 0 0
1949 2 0 0 0 0 0 0 0 0
1951 3 1 1 1 0 0 1 0 0
1953 2 0 0 0 0 0 0 0 0
1959 2 0 0 0 0 0 0 0 0
1975 11 1 1 0 0 0 1 0 0
1977 1 0 0 1 0 0 0 0 0
1979 4 0 0 0 0 0 1 0 0
2006 3 1 1 2 0 0 0 0 0
2050 2 0 0 1 1 0 0 0 0
2055 2 0 0 1 0 0 0 0 0
2058 4 1 1 1 0 0 0 0 0
2063 2 0 0 1 1 1 0 0 0
2070 5 0 0 1 0 0 0 0 0
2071 4 0 0 1 0 0 0 0 0
2072 1 0 0 0 0 0 0 0 0
2087 61 1 1 0 0 0 0 0 0
2089 19 1 1 9 7 5 0 0 0
2093 4 0 0 2 0 0 0 0 0
2094 2 0 0 0 0 0 0 0 0
2103 6 1 1 0 0 0 1 0 0
2106 1 0 0 0 0 0 0 0 0
2107 3 0 0 1 0 0 0 0 0
2108 3 0 0 1 0 0 0 0 0
2110 3 0 0 0 0 0 0 0 0
2154 8 0 0 7 0 0 0 0 0
fn=open_verify.constprop.6
1871 121 2 2 0 0 0 77 4 2
1909 33 0 0 11 0 0 0 0 0
1930 55 0 0 11 0 0 22 3 0
1931 22 0 0 0 0 0 0 0 0
1941 4 0 0 0 0 0 4 0 0
1942 8 1 1 0 0 0 4 0 0
1947 24 0 0 4 0 0 4 0 0
1949 8 0 0 0 0 0 0 0 0
1951 12 0 0 4 0 0 4 0 0
1953 8 0 0 0 0 0 0 0 0
1959 8 1 1 0 0 0 0 0 0
1975 44 0 0 0 0 0 4 0 0
1977 4 0 0 4 0 0 0 0 0
1979 16 1 1 0 0 0 4 0 0
2005 4 1 1 2 0 0 0 0 0
2050 8 0 0 4 0 0 0 0 0
2055 8 0 0 4 0 0 0 0 0
2058 16 0 0 4 0 0 0 0 0
2063 8 0 0 4 0 0 0 0 0
2070 28 1 1 4 0 0 0 0 0
2071 16 0 0 4 0 0 0 0 0
2072 4 0 0 0 0 0 0 0 0
2087 222 1 1 2 0 0 0 0 0
2089 74 1 1 35 2 0 0 0 0
2093 16 0 0 8 0 0 0 0 0
2094 8 0 0 0 0 0 0 0 0
2103 36 1 1 0 0 0 6 0 0
2106 4 0 0 0 0 0 0 0 0
2107 12 0 0 4 0 0 0 0 0
2108 12 0 0 4 0 0 0 0 0
2110 12 0 0 0 0 0 0 0 0
2115 2 0 0 0 0 0 0 0 0
2116 2 0 0 0 0 0 0 0 0
2119 4 0 0 0 0 0 0 0 0
2122 6 0 0 2 0 0 0 0 0
2123 10 0 0 2 0 0 0 0 0
2124 4 1 1 2 0 0 0 0 0
2125 6 0 0 2 0 0 0 0 0
2126 12 0 0 4 0 0 0 0 0
2131 7 1 1 0 0 0 0 0 0
2154 88 0 0 77 0 0 0 0 0
fl=/build/eglibc-oGUzwX/eglibc-2.19/elf/dl-lookup.c
fn=_dl_lookup_symbol_x
475 2924 0 0 0 0 0 0 0 0
476 237020 0 0 58524 2495 1243 1462 0 0
477 228248 1 1 0 0 0 0 0 0
714 20468 2 2 0 0 0 11696 21 0
716 2924 0 0 0 0 0 1462 2 0
717 2924 1 1 0 0 0 2924 4 0
720 1462 0 0 1462 6 0 0 0 0
724 5804 0 0 1440 0 0 0 0 0
728 2924 1 1 0 0 0 1462 0 0
729 2924 0 0 1462 0 0 0 0 0
731 2924 0 0 2924 19 0 0 0 0
735 11776 1 1 20 3 0 2924 0 0
737 19006 1 1 8772 0 0 10234 17 0
740 2924 0 0 0 0 0 0 0 0
743 20 0 0 0 0 0 0 0 0
766 2924 0 0 1462 0 0 0 0 0
768 140 1 1 40 0 0 0 0 0
784 20 1 1 0 0 0 20 0 0
785 40 0 0 0 0 0 0 0 0
788 1442 0 0 1442 0 0 0 0 0
789 10094 0 0 2884 1 0 0 0 0
815 1442 0 0 0 0 0 0 0 0
824 7210 1 1 1442 0 0 0 0 0
838 4326 0 0 1442 18 1 0 0 0
839 2 1 1 0 0 0 1 0 0
841 5768 0 0 2884 0 0 0 0 0
846 1442 0 0 0 0 0 1442 0 0
848 11696 1 1 10234 0 0 0 0 0
fn=_dl_setup_hash
859 21 1 1 7 0 0 0 0 0
863 7 0 0 7 0 0 0 0 0
867 14 1 1 7 7 7 7 6 1
868 7 0 0 7 0 0 0 0 0
869 7 0 0 7 2 1 0 0 0
871 21 0 0 0 0 0 0 0 0
872 7 0 0 0 0 0 7 0 0
873 21 0 0 7 0 0 7 0 0
875 7 0 0 0 0 0 7 0 0
876 14 0 0 0 0 0 0 0 0
878 7 1 1 0 0 0 7 0 0
879 7 0 0 0 0 0 0 0 0
880 28 0 0 0 0 0 7 0 0
881 7 0 0 7 0 0 0 0 0
fn=check_match.9481
131 10101 1 1 0 0 0 5772 8 0
132 2886 0 0 1443 41 9 0 0 0
134 5772 0 0 2886 348 131 0 0 0
136 4329 0 0 1443 0 0 0 0 0
146 4326 1 1 1442 0 0 1442 25 0
149 3178 0 0 1589 0 0 49 5 0
153 2884 0 0 2884 23 0 0 0 0
154 4326 0 0 1442 0 0 0 0 0
156 2880 0 0 0 0 0 0 0 0
175 2880 1 1 2880 38 8 0 0 0
176 11520 0 0 4320 22 0 0 0 0
177 7200 1 1 2880 24 0 1440 6 0
204 4 0 0 0 0 0 0 0 0
206 12 0 0 4 2 0 0 0 0
207 8 0 0 2 0 0 0 0 0
215 1 0 0 0 0 0 0 0 0
222 10100 1 1 7215 0 0 0 0 0
fn=do_lookup_x
77 11696 1 1 4386 0 0 7310 16 0
82 17544 1 1 2924 0 0 10234 19 0
83 1462 0 0 1462 6 0 0 0 0
89 1462 0 0 1462 0 0 0 0 0
95 4705 1 1 0 0 0 4705 0 0
96 4705 0 0 0 0 0 4705 0 0
98 14115 0 0 9410 64 0 4705 0 0
101 9410 0 0 0 0 0 0 0 0
105 9416 0 0 4708 0 0 0 0 0
109 9408 1 1 4704 35 0 0 0 0
113 9408 0 0 4704 3 0 0 0 0
119 14112 0 0 4704 41 0 0 0 0
123 9408 0 0 9408 89 0 0 0 0
124 14112 0 0 9408 28 0 4704 0 0
225 4704 0 0 4704 0 0 0 0 0
226 9408 1 1 0 0 0 0 0 0
228 4704 0 0 4704 1127 106 0 0 0
229 2924 0 0 0 0 0 0 0 0
230 9408 0 0 4704 0 0 0 0 0
232 5848 0 0 0 0 0 0 0 0
233 18816 0 0 4704 0 0 0 0 0
236 18816 0 0 0 0 0 0 0 0
237 14112 0 0 0 0 0 0 0 0
239 3004 0 0 3004 1140 177 0 0 0
240 6008 1 1 0 0 0 0 0 0
241 3004 0 0 0 0 0 0 0 0
243 4503 1 1 1501 0 0 0 0 0
246 15180 0 0 3036 1442 323 0 0 0
248 11544 1 1 2886 0 0 2886 0 0
249 11544 0 0 0 0 0 7215 5 0
250 7219 0 0 4332 0 0 0 0 0
253 4782 0 0 0 0 0 0 0 0
257 3262 0 0 0 0 0 3262 0 0
281 6524 1 1 3262 0 0 0 0 0
286 7752 1 1 1442 0 0 0 0 0
290 5547 0 0 921 4 0 1392 0 0
303 2884 1 1 1442 0 0 1442 0 0
304 2884 0 0 1442 0 0 1442 0 0
305 1442 0 0 0 0 0 0 0 0
316 650 1 1 50 0 0 0 0 0
317 720 1 1 50 0 0 0 0 0
318 1221 1 1 204 73 57 0 0 0
320 168 0 0 0 0 0 0 0 0
321 168 0 0 0 0 0 0 0 0
322 106 0 0 0 0 0 0 0 0
325 120 0 0 0 0 0 120 0 0
326 120 0 0 0 0 0 120 0 0
327 170 0 0 50 0 0 120 0 0
328 212 0 0 0 0 0 120 0 0
331 350 1 1 50 0 0 50 0 0
332 50 0 0 50 0 0 0 0 0
334 100 0 0 50 2 0 50 0 0
336 100 0 0 50 2 0 50 0 0
337 50 0 0 50 0 0 0 0 0
338 100 0 0 0 0 0 0 0 0
340 196 1 1 0 0 0 0 0 0
341 637 0 0 0 0 0 49 0 0
344 975 1 1 345 80 27 0 0 0
345 98 0 0 49 0 0 49 0 0
364 326 0 0 0 0 0 0 0 0
368 258 0 0 0 0 0 0 0 0
369 138 0 0 0 0 0 0 0 0
372 441 1 1 98 0 0 49 0 0
377 6 1 1 2 2 0 0 0 0
379 8 0 0 0 0 0 2 0 0
380 8 0 0 0 0 0 2 0 0
382 6 0 0 0 0 0 0 0 0
389 204 1 1 2 0 0 2 0 0
390 276 0 0 92 66 2 0 0 0
391 210 0 0 210 0 0 0 0 0
395 6 0 0 6 2 0 2 0 0
396 2 0 0 0 0 0 2 0 0
398 2 0 0 0 0 0 2 0 0
399 6 0 0 2 2 0 4 0 0
406 3 1 1 1 1 0 0 0 0
415 2 0 0 0 0 0 0 0 0
424 1 0 0 0 0 0 0 0 0
425 5 1 1 0 0 0 2 0 0
426 2 0 0 0 0 0 0 0 0
429 2 0 0 1 0 0 1 0 0
430 2 0 0 0 0 0 1 0 0
431 4 1 1 1 1 0 2 1 0
434 100 0 0 50 0 0 0 0 0
435 150 2 2 150 0 0 0 0 0
439 50 1 1 50 0 0 0 0 0
442 200 0 0 50 0 0 0 0 0
447 100 1 1 100 0 0 0 0 0
449 150 0 0 100 0 0 50 0 0
451 50 0 0 0 0 0 0 0 0
461 19128 0 0 6376 16 0 0 0 0
462 1683 0 0 612 0 0 612 7 0
465 9789 1 1 0 0 0 0 0 0
468 40 0 0 0 0 0 0 0 0
469 11746 0 0 10234 0 0 50 0 0
fl=/build/eglibc-oGUzwX/eglibc-2.19/elf/dl-minimal.c
fn=__libc_memalign
51 160 1 1 0 0 0 80 2 1
52 198 0 0 79 6 0 0 0 0
57 3 0 0 0 0 0 1 0 0
58 3 1 1 1 0 0 0 0 0
59 1 0 0 0 0 0 0 0 0
63 120 1 1 0 0 0 40 0 0
64 40 0 0 0 0 0 0 0 0
66 260 0 0 0 0 0 0 0 0
70 20 0 0 5 0 0 0 0 0
71 15 1 1 0 0 0 0 0 0
77 35 0 0 0 0 0 5 0 0
79 25 0 0 10 0 0 0 0 0
83 15 0 0 0 0 0 5 0 0
86 40 0 0 0 0 0 40 0 0
87 40 0 0 0 0 0 40 0 0
89 305 0 0 120 0 0 0 0 0
fn=calloc
102 17 1 1 0 0 0 0 0 0
106 17 0 0 0 0 0 0 0 0
109 85 0 0 0 0 0 0 0 0
113 17 0 0 0 0 0 0 0 0
fn=free
119 6 0 0 0 0 0 3 0 0
121 6 1 1 3 0 0 0 0 0
128 6 0 0 6 0 0 0 0 0
fn=malloc
93 39 1 1 0 0 0 0 0 0
94 78 0 0 0 0 0 0 0 0
fn=strsep
338 8 1 1 4 0 0 0 0 0
340 4 0 0 4 0 0 0 0 0
341 8 0 0 0 0 0 0 0 0
345 317 1 1 63 0 0 0 0 0
350 244 0 0 122 0 0 0 0 0
352 366 0 0 122 0 0 0 0 0
360 61 0 0 0 0 0 0 0 0
363 2 0 0 0 0 0 2 0 0
367 4 0 0 4 0 0 0 0 0
fl=/build/eglibc-oGUzwX/eglibc-2.19/elf/dl-misc.c
fn=_dl_higher_prime_number
344 2 1 1 0 0 0 0 0 0
345 4 0 0 0 0 0 0 0 0
347 20 0 0 0 0 0 0 0 0
349 74 0 0 0 0 0 0 0 0
350 37 0 0 10 4 1 0 0 0
351 3 0 0 0 0 0 0 0 0
365 2 0 0 2 0 0 0 0 0
366 2 0 0 2 0 0 0 0 0
fn=_dl_name_match_p
288 1250 1 1 0 0 0 500 3 1
289 1000 0 0 250 27 0 250 4 0
290 266 0 0 0 0 0 0 0 0
292 250 0 0 250 8 0 0 0 0
294 996 0 0 0 0 0 0 0 0
295 1320 1 1 264 37 0 264 0 0
298 248 0 0 248 0 0 0 0 0
300 234 0 0 0 0 0 0 0 0
301 1250 0 0 750 0 0 0 0 0
fn=_dl_sysdep_read_whole_file
45 7 1 1 0 0 0 4 0 0
46 1 0 0 0 0 0 0 0 0
52 4 1 1 0 0 0 1 0 0
53 2 0 0 0 0 0 0 0 0
55 6 0 0 0 0 0 1 0 0
57 2 0 0 1 0 0 1 1 1
60 2 0 0 0 0 0 0 0 0
62 8 1 1 0 0 0 1 0 0
73 2 0 0 0 0 0 1 0 0
76 7 0 0 5 0 0 0 0 0
fl=/build/eglibc-oGUzwX/eglibc-2.19/elf/dl-object.c
fn=_dl_add_to_namespace_list
32 30 1 1 0 0 0 12 0 0
34 12 0 0 6 0 0 6 0 0
36 43 1 1 6 0 0 0 0 0
39 60 0 0 20 0 0 0 0 0
40 15 0 0 0 0 0 0 0 0
41 5 0 0 0 0 0 5 0 0
43 5 0 0 0 0 0 5 0 0
46 2 0 0 0 0 0 1 0 0
47 18 0 0 6 0 0 0 0 0
48 12 0 0 6 1 0 6 0 0
49 12 0 0 0 0 0 6 0 0
51 18 0 0 6 0 0 0 0 0
52 18 0 0 12 0 0 0 0 0
fn=_dl_new_object
61 84 2 2 0 0 0 60 3 1
62 30 0 0 0 0 0 6 1 1
68 72 1 1 12 1 0 0 0 0
75 30 0 0 0 0 0 12 0 0
78 12 0 0 0 0 0 0 0 0
81 6 0 0 0 0 0 6 6 6
82 12 1 1 0 0 0 6 6 6
86 12 0 0 0 0 0 6 1 1
87 30 0 0 12 0 0 12 5 2
89 6 1 1 0 0 0 6 0 0
97 30 0 0 12 0 0 6 6 0
98 36 0 0 12 6 6 6 0 0
101 12 0 0 6 0 0 0 0 0
102 13 1 1 0 0 0 6 6 6
103 6 1 1 0 0 0 6 1 0
107 6 0 0 0 0 0 6 0 0
110 49 0 0 0 0 0 0 0 0
112 32 0 0 0 0 0 16 9 5
122 12 0 0 0 0 0 6 3 1
123 6 1 1 0 0 0 6 6 6
126 6 0 0 0 0 0 0 0 0
128 36 0 0 6 1 0 0 0 0
130 15 0 0 0 0 0 5 5 3
133 13 0 0 0 0 0 0 0 0
137 18 0 0 6 0 0 0 0 0
138 1 0 0 0 0 0 0 0 0
141 33 0 0 5 0 0 0 0 0
143 1 1 1 0 0 0 0 0 0
149 1 0 0 0 0 0 1 1 1
152 12 0 0 0 0 0 6 2 1
155 30 1 1 12 0 0 0 0 0
157 25 0 0 5 0 0 10 0 0
161 25 0 0 0 0 0 0 0 0
165 15 1 1 0 0 0 5 0 0
166 20 0 0 0 0 0 0 0 0
211 20 1 1 10 0 0 5 0 0
216 163 0 0 0 0 0 0 0 0
217 178 0 0 84 0 0 0 0 0
222 10 0 0 0 0 0 5 0 0
225 10 0 0 0 0 0 5 5 0
229 48 1 1 42 0 0 0 0 0
fl=/build/eglibc-oGUzwX/eglibc-2.19/elf/dl-open.c
fn=_dl_find_dso_for_object
182 5 1 1 1 0 0 0 0 0
183 16 2 2 5 1 0 0 0 0
184 20 0 0 10 3 0 0 0 0
185 2 0 0 1 0 0 0 0 0
188 2 1 1 1 0 0 0 0 0
192 1 0 0 1 0 0 0 0 0
fl=/build/eglibc-oGUzwX/eglibc-2.19/elf/dl-profstub.c
fn=_dl_mcount_wrapper_check
38 384 2 2 256 1 0 0 0 0
39 128 0 0 128 0 0 0 0 0
fl=/build/eglibc-oGUzwX/eglibc-2.19/elf/dl-reloc.c
fn=_dl_relocate_object
154 84 2 2 0 0 0 56 0 0
161 7 0 0 0 0 0 7 0 0
164 14 1 1 0 0 0 0 0 0
165 35 1 1 0 0 0 21 0 0
169 14 0 0 0 0 0 0 0 0
170 28 0 0 14 2 0 0 0 0
176 14 0 0 7 0 0 0 0 0
182 21 0 0 7 0 0 0 0 0
183 14 1 1 7 7 0 0 0 0
186 14 0 0 7 0 0 0 0 0
193 14 0 0 7 4 0 0 0 0
238 21 1 1 14 4 0 7 0 0
264 414 3 3 146 38 1 95 3 0
267 21 0 0 7 1 0 0 0 0
295 7 0 0 7 1 0 0 0 0
298 14 0 0 7 3 0 0 0 0
315 21 0 0 7 5 0 0 0 0
317 56 1 1 49 5 0 0 0 0
323 28 1 1 14 4 0 0 0 0
324 14 0 0 7 1 0 0 0 0
325 14 0 0 0 0 0 0 0 0
328 14 1 1 0 0 0 0 0 0
329 35 0 0 0 0 0 7 1 0
fl=/build/eglibc-oGUzwX/eglibc-2.19/elf/dl-tls.c
fn=__tls_get_addr
770 1 1 1 1 0 0 0 0 0
772 3 0 0 2 2 0 0 0 0
775 3 0 0 2 2 0 0 0 0
777 2 0 0 0 0 0 0 0 0
780 1 0 0 1 0 0 0 0 0
781 1 0 0 1 0 0 0 0 0
fn=_dl_add_to_slotinfo
831 8 1 1 0 0 0 6 0 0
837 4 1 1 2 0 0 0 0 0
840 2 0 0 2 2 0 0 0 0
845 10 0 0 2 2 0 0 0 0
886 2 0 0 0 0 0 2 2 0
887 6 1 1 2 2 0 2 1 0
888 8 0 0 8 0 0 0 0 0
fn=_dl_allocate_tls_init
376 8 1 1 0 0 0 7 0 0
377 2 0 0 0 0 0 0 0 0
381 3 0 0 2 1 0 1 0 0
383 1 0 0 0 0 0 0 0 0
384 1 0 0 0 0 0 0 0 0
389 3 0 0 1 0 0 1 0 0
394 17 1 1 2 1 0 0 0 0
400 11 0 0 0 0 0 0 0 0
403 2 1 1 2 0 0 0 0 0
404 4 0 0 0 0 0 0 0 0
410 6 0 0 2 0 0 0 0 0
412 4 0 0 0 0 0 0 0 0
413 4 0 0 2 1 0 0 0 0
422 4 1 1 2 0 0 0 0 0
423 8 0 0 4 2 0 0 0 0
425 4 0 0 0 0 0 0 0 0
426 4 1 1 2 0 0 0 0 0
434 8 0 0 2 0 0 2 1 0
435 2 0 0 0 0 0 2 0 0
436 22 0 0 8 1 0 4 0 0
450 2 1 1 1 0 0 1 1 0
452 1 0 0 1 0 0 0 0 0
453 8 1 1 7 0 0 0 0 0
fn=_dl_allocate_tls_storage
295 2 0 0 1 0 0 0 0 0
296 3 1 1 0 0 0 1 0 0
297 2 0 0 0 0 0 0 0 0
300 1 0 0 0 0 0 1 1 1
306 2 0 0 0 0 0 1 0 0
328 3 1 1 0 0 0 3 0 0
330 1 0 0 1 0 0 0 0 0
341 4 0 0 1 0 0 1 0 0
342 2 0 0 0 0 0 0 0 0
349 1 0 0 0 0 0 0 0 0
353 306 1 1 0 0 0 288 72 36
370 5 0 0 4 0 0 0 0 0
fn=_dl_determine_tlsoffset
112 7 1 1 0 0 0 6 0 0
113 2 1 1 0 0 0 0 0 0
114 1 0 0 0 0 0 0 0 0
115 1 0 0 0 0 0 0 0 0
118 3 1 1 1 0 0 0 0 0
121 2 0 0 1 0 0 0 0 0
123 1 0 0 0 0 0 0 0 0
155 1 0 0 0 0 0 0 0 0
157 16 0 0 3 0 0 0 0 0
159 5 0 0 1 0 0 0 0 0
161 6 0 0 2 0 0 0 0 0
162 4 1 1 2 0 0 0 0 0
164 4 0 0 0 0 0 0 0 0
166 10 0 0 2 0 0 0 0 0
168 4 1 1 0 0 0 0 0 0
182 16 1 1 0 0 0 0 0 0
184 6 0 0 0 0 0 0 0 0
185 2 0 0 0 0 0 0 0 0
194 2 0 0 0 0 0 2 1 0
197 4 0 0 0 0 0 1 0 0
198 1 0 0 0 0 0 1 0 0
249 1 0 0 0 0 0 1 0 0
250 8 0 0 7 0 0 0 0 0
fn=_dl_next_tls_modid
50 2 1 1 0 0 0 0 0 0
53 6 0 0 4 0 0 0 0 0
101 4 0 0 0 0 0 2 0 0
105 4 0 0 2 0 0 0 0 0
fl=/build/eglibc-oGUzwX/eglibc-2.19/elf/dl-version.c
fn=_dl_check_all_versions
380 6 1 1 0 0 0 4 0 0
382 2 0 0 0 0 0 0 0 0
384 25 0 0 7 0 0 0 0 0
385 7 0 0 0 0 0 0 0 0
386 70 1 1 7 0 0 7 0 0
389 7 0 0 5 1 0 0 0 0
fn=_dl_check_map_versions
56 150 0 0 20 0 0 0 0 0
57 40 0 0 40 0 0 0 0 0
58 260 1 1 0 0 0 50 0 0
174 77 1 1 0 0 0 56 0 0
175 2 0 0 0 0 0 0 0 0
183 2 0 0 0 0 0 0 0 0
189 21 0 0 7 2 0 0 0 0
191 14 0 0 7 2 0 7 0 0
193 14 0 0 7 4 0 7 0 0
194 14 1 1 7 1 0 7 0 0
196 14 0 0 0 0 0 0 0 0
199 20 0 0 15 3 0 5 0 0
203 30 1 1 10 4 4 0 0 0
220 30 0 0 30 3 2 0 0 0
228 30 0 0 10 0 0 0 0 0
233 70 0 0 20 1 0 0 0 0
237 345 2 2 204 13 7 44 0 0
244 88 0 0 22 0 0 0 0 0
247 76 0 0 22 0 0 0 0 0
252 12 0 0 0 0 0 0 0 0
256 40 0 0 20 0 0 0 0 0
261 5 0 0 5 0 0 0 0 0
262 5 1 1 0 0 0 0 0 0
270 21 1 1 7 0 0 0 0 0
273 15 0 0 10 1 0 0 0 0
276 328 0 0 82 28 13 0 0 0
279 246 0 0 82 17 8 0 0 0
283 77 0 0 0 0 0 0 0 0
287 14 1 1 0 0 0 0 0 0
292 6 0 0 0 0 0 6 4 0
293 24 0 0 0 0 0 6 0 0
294 12 1 1 0 0 0 0 0 0
302 6 0 0 0 0 0 6 2 0
305 18 0 0 12 8 0 6 4 0
307 18 0 0 6 0 0 0 0 0
310 20 0 0 15 0 0 0 0 0
314 30 0 0 10 0 0 0 0 0
317 66 1 1 22 0 0 0 0 0
319 66 0 0 0 0 0 0 0 0
321 110 0 0 22 0 0 22 0 0
322 66 0 0 0 0 0 22 14 11
323 66 0 0 22 0 0 22 4 2
324 66 1 1 22 0 0 22 2 0
327 66 0 0 22 0 0 0 0 0
332 12 0 0 0 0 0 0 0 0
335 30 0 0 10 0 0 0 0 0
340 5 0 0 0 0 0 0 0 0
341 5 0 0 0 0 0 0 0 0
345 18 0 0 6 0 0 0 0 0
348 20 0 0 15 0 0 0 0 0
352 82 0 0 82 0 0 0 0 0
354 164 0 0 82 0 0 0 0 0
358 77 0 0 77 0 0 0 0 0
359 385 0 0 77 0 0 77 39 22
360 231 0 0 77 0 0 77 1 0
361 77 0 0 0 0 0 77 18 7
364 246 0 0 82 0 0 0 0 0
368 77 0 0 0 0 0 0 0 0
373 13 0 0 0 0 0 0 0 0
374 56 2 2 49 0 0 0 0 0
fn=match_symbol
76 286 2 2 0 0 0 176 0 0
77 44 0 0 44 0 0 0 0 0
85 44 0 0 22 0 0 0 0 0
91 66 0 0 22 2 0 0 0 0
106 22 0 0 22 1 0 0 0 0
107 44 1 1 0 0 0 0 0 0
109 22 0 0 22 1 0 0 0 0
114 330 0 0 165 26 16 0 0 0
128 330 0 0 165 11 5 0 0 0
130 22 1 1 22 1 0 0 0 0
133 132 0 0 22 4 1 22 0 0
140 429 0 0 143 5 3 0 0 0
144 143 0 0 0 0 0 0 0 0
168 176 0 0 154 0 0 0 0 0
fl=/build/eglibc-oGUzwX/eglibc-2.19/elf/do-rel.h
fn=_dl_relocate_object
47 28 0 0 14 0 0 0 0 0
48 14 0 0 14 4 0 0 0 0
50 6 0 0 0 0 0 0 0 0
51 6 0 0 0 0 0 6 2 0
58 42 0 0 14 0 0 0 0 0
61 2505 0 0 0 0 0 0 0 0
63 2481 1 1 827 618 308 0 0 0
65 61 1 1 0 0 0 0 0 0
74 12 0 0 0 0 0 0 0 0
75 83 1 1 16 1 0 0 0 0
76 38 0 0 19 0 0 0 0 0
83 16 0 0 8 0 0 8 0 0
84 8 1 1 8 0 0 0 0 0
86 16 0 0 0 0 0 0 0 0
98 24 0 0 0 0 0 0 0 0
108 15 1 1 1 1 1 0 0 0
111 5090 0 0 0 0 0 0 0 0
112 3382 1 1 1691 1 0 0 0 0
118 24 0 0 8 7 0 0 0 0
121 14 1 1 7 5 0 7 2 0
124 7295 1 1 2425 0 0 0 0 0
127 9676 1 1 2419 1212 601 0 0 0
136 7257 0 0 4838 1074 176 0 0 0
137 12418 0 0 2419 0 0 2419 2 0
138 3790 0 0 2419 3 0 0 0 0
139 4838 0 0 2419 1 0 0 0 0
143 12 0 0 0 0 0 0 0 0
160 23 2 2 5 0 0 4 0 0
162 20 0 0 5 3 2 0 0 0
170 25 1 1 5 0 0 5 1 0
171 10 0 0 10 0 0 0 0 0
174 5 0 0 2 0 0 0 0 0
fn=_dl_start
83 1 0 0 1 0 0 0 0 0
84 1 0 0 1 0 0 0 0 0
111 33 1 1 0 0 0 0 0 0
112 20 0 0 10 4 3 0 0 0
116 2 0 0 1 0 0 0 0 0
124 31 1 1 0 0 0 0 0 0
137 45 0 0 9 5 2 0 0 0
139 18 0 0 9 0 0 0 0 0
fl=/build/eglibc-oGUzwX/eglibc-2.19/elf/get-dynamic-info.h
fn=_dl_map_object_from_fd
38 10 0 0 0 0 0 0 0 0
42 5 0 0 0 0 0 0 0 0
44 399 1 1 133 68 36 0 0 0
46 256 1 1 0 0 0 0 0 0
51 129 0 0 0 0 0 0 0 0
52 211 0 0 0 0 0 123 51 30
53 20 0 0 0 0 0 0 0 0
55 5 0 0 0 0 0 0 0 0
56 25 1 1 0 0 0 0 0 0
58 5 0 0 0 0 0 0 0 0
59 25 0 0 0 0 0 0 0 0
60 5 0 0 0 0 0 0 0 0
61 20 0 0 0 0 0 5 3 2
62 128 0 0 0 0 0 0 0 0
69 10 1 1 0 0 0 0 0 0
89 17 0 0 7 0 0 0 0 0
90 20 0 0 10 0 0 0 0 0
91 20 0 0 10 0 0 0 0 0
92 20 0 0 10 0 0 0 0 0
94 20 1 1 10 0 0 0 0 0
99 20 0 0 10 0 0 0 0 0
100 19 0 0 9 1 1 0 0 0
101 20 0 0 10 0 0 0 0 0
107 15 1 1 5 0 0 0 0 0
112 10 0 0 5 0 0 0 0 0
119 10 0 0 5 0 0 0 0 0
120 15 0 0 10 0 0 0 0 0
136 15 0 0 5 2 0 0 0 0
141 4 0 0 2 0 0 2 0 0
143 4 0 0 0 0 0 0 0 0
145 4 0 0 0 0 0 0 0 0
147 4 0 0 0 0 0 0 0 0
150 15 1 1 5 0 0 0 0 0
152 2 0 0 1 0 0 1 0 0
160 2 1 1 1 0 0 0 0 0
161 2 0 0 0 0 0 0 0 0
165 2 0 0 0 0 0 0 0 0
168 10 0 0 5 0 0 0 0 0
fn=_dl_start
44 57 1 1 19 10 6 0 0 0
46 36 0 0 0 0 0 0 0 0
47 26 0 0 0 0 0 13 6 3
51 21 1 1 0 0 0 0 0 0
52 18 0 0 0 0 0 4 3 2
53 4 1 1 0 0 0 0 0 0
55 1 0 0 0 0 0 0 0 0
56 5 0 0 0 0 0 0 0 0
58 2 0 0 0 0 0 0 0 0
59 5 2 2 0 0 0 0 0 0
60 1 0 0 0 0 0 0 0 0
61 5 0 0 0 0 0 1 1 1
62 18 0 0 0 0 0 0 0 0
69 2 0 0 0 0 0 0 0 0
89 4 0 0 2 0 0 0 0 0
90 4 1 1 2 0 0 0 0 0
91 4 0 0 2 0 0 0 0 0
92 4 0 0 2 0 0 0 0 0
94 4 0 0 2 0 0 0 0 0
99 4 1 1 2 0 0 0 0 0
100 4 0 0 2 0 0 0 0 0
101 4 0 0 2 0 0 0 0 0
107 3 0 0 1 0 0 0 0 0
112 2 1 1 1 0 0 0 0 0
119 3 0 0 1 0 0 0 0 0
120 3 0 0 2 0 0 0 0 0
128 3 0 0 1 0 0 0 0 0
130 3 1 1 1 1 1 0 0 0
133 2 0 0 1 0 0 0 0 0
134 2 0 0 1 0 0 0 0 0
fn=dl_main
29 1 0 0 1 0 0 0 0 0
38 2 0 0 0 0 0 0 0 0
42 1 0 0 0 0 0 0 0 0
44 78 0 0 26 13 7 0 0 0
46 50 1 1 0 0 0 0 0 0
51 17 1 1 0 0 0 0 0 0
52 35 0 0 0 0 0 24 9 5
53 4 0 0 0 0 0 0 0 0
55 1 0 0 0 0 0 0 0 0
56 5 1 1 0 0 0 0 0 0
58 1 0 0 0 0 0 0 0 0
59 5 0 0 0 0 0 0 0 0
60 1 0 0 0 0 0 0 0 0
61 4 1 1 0 0 0 1 0 0
62 25 0 0 0 0 0 0 0 0
69 3 1 1 1 0 0 0 0 0
107 3 2 2 1 0 0 0 0 0
112 2 0 0 1 0 0 0 0 0
119 2 0 0 1 0 0 0 0 0
120 3 0 0 2 0 0 0 0 0
136 3 0 0 1 0 0 0 0 0
150 3 1 1 1 0 0 0 0 0
168 2 1 1 1 0 0 0 0 0
fl=/build/eglibc-oGUzwX/eglibc-2.19/elf/rtld.c
fn=_dl_initial_error_catch_tsd
797 24 0 0 12 0 0 0 0 0
fn=_dl_start
284 75 3 3 8 1 1 8 3 2
296 2 0 0 0 0 0 1 0 0
297 2 0 0 0 0 0 1 1 0
298 2 1 1 0 0 0 1 1 0
299 2 0 0 0 0 0 1 1 1
300 2 0 0 0 0 0 1 0 0
321 5 1 1 0 0 0 1 1 0
325 1 0 0 0 0 0 1 0 0
331 4 1 0 0 0 0 1 0 0
340 4 0 0 0 0 0 0 0 0
343 2 0 0 1 1 0 1 1 0
347 2 0 0 1 0 0 0 0 0
361 9 1 1 0 0 0 6 2 1
379 5 0 0 0 0 0 1 1 1
405 1 0 0 0 0 0 1 1 1
408 1 0 0 0 0 0 1 1 1
536 2 0 0 0 0 0 0 0 0
541 34 3 3 9 0 0 0 0 0
543 1 1 1 1 1 1 0 0 0
568 9 0 0 7 2 0 0 0 0
fn=dl_main
887 12 1 1 0 0 0 8 3 1
893 1 0 0 0 0 0 0 0 0
895 2 0 0 0 0 0 0 0 0
896 1 0 0 0 0 0 0 0 0
902 1 0 0 0 0 0 1 0 0
906 2 0 0 0 0 0 1 0 0
909 2 0 0 0 0 0 1 1 1
913 2 0 0 0 0 0 1 1 1
914 2 0 0 0 0 0 1 0 0
919 2 1 1 0 0 0 1 0 0
929 4 2 2 2 0 0 0 0 0
1128 8 1 1 0 0 0 1 0 0
1130 2 0 0 0 0 0 0 0 0
1131 1 0 0 0 0 0 1 1 1
1132 2 1 1 1 0 0 1 0 0
1133 3 0 0 2 0 0 1 0 0
1137 3 0 0 0 0 0 1 0 0
1138 2 0 0 1 0 0 0 0 0
1159 1 0 0 0 0 0 1 1 0
1160 1 0 0 0 0 0 1 0 0
1162 1 0 0 0 0 0 1 0 0
1164 1 1 1 1 0 0 0 0 0
1167 36 1 1 3 0 0 0 0 0
1168 71 1 1 9 9 5 0 0 0
1172 3 1 1 1 0 0 1 0 0
1173 1 0 0 0 0 0 0 0 0
1177 3 1 1 2 0 0 1 0 0
1178 1 0 0 0 0 0 0 0 0
1186 1 0 0 0 0 0 1 1 1
1187 2 1 1 2 1 1 0 0 0
1189 2 1 1 0 0 0 1 0 0
1196 3 0 0 1 0 0 0 0 0
1214 1 0 0 0 0 0 0 0 0
1222 4 0 0 2 0 0 0 0 0
1223 10 2 2 3 1 1 0 0 0
1224 4 0 0 2 0 0 0 0 0
1225 1 0 0 0 0 0 1 0 0
1228 4 0 0 2 1 1 0 0 0
1229 4 0 0 2 0 0 0 0 0
1230 2 0 0 0 0 0 2 0 0
1231 6 0 0 3 0 0 0 0 0
1232 2 0 0 0 0 0 1 0 0
1259 2 1 1 1 0 0 1 1 1
1260 1 0 0 0 0 0 0 0 0
1263 2 0 0 1 0 0 1 0 0
1264 2 0 0 1 1 0 1 0 0
1265 1 0 0 0 0 0 0 0 0
1270 3 0 0 1 1 1 0 0 0
1273 2 0 0 0 0 0 0 0 0
1275 2 0 0 0 0 0 0 0 0
1277 2 1 1 1 0 0 0 0 0
1290 3 0 0 1 0 0 0 0 0
1291 11 1 1 6 0 0 2 0 0
1296 1 0 0 0 0 0 1 0 0
1298 1 0 0 0 0 0 1 1 1
1299 1 0 0 0 0 0 1 1 0
1301 2 0 0 1 0 0 0 0 0
1302 2 1 1 0 0 0 1 0 0
1306 2 0 0 1 1 0 0 0 0
1308 2 0 0 0 0 0 0 0 0
1313 2 0 0 0 0 0 1 0 0
1316 4 1 1 0 0 0 1 0 0
1332 3 1 1 0 0 0 1 0 0
1338 9 1 1 1 0 0 2 0 0
1343 2 1 1 1 0 0 1 0 0
1346 4 0 0 1 0 0 2 0 0
1348 1 0 0 0 0 0 1 0 0
1353 2 0 0 1 0 0 0 0 0
1356 3 0 0 2 0 0 1 0 0
1357 4 1 1 1 0 0 1 0 0
1358 2 0 0 0 0 0 1 0 0
1359 1 0 0 0 0 0 1 0 0
1360 1 0 0 1 0 0 0 0 0
1361 1 0 0 1 0 0 0 0 0
1366 2 0 0 1 0 0 0 0 0
1367 5 1 1 1 0 0 1 0 0
1371 1 0 0 1 0 0 0 0 0
1373 4 0 0 1 0 0 0 0 0
1374 2 0 0 0 0 0 1 0 0
1375 4 1 1 1 1 1 1 1 0
1380 2 0 0 0 0 0 0 0 0
1381 6 0 0 1 1 1 0 0 0
1383 2 0 0 1 1 0 1 1 1
1384 2 0 0 1 0 0 1 0 0
1389 2 0 0 1 1 1 0 0 0
1394 3 1 1 1 0 0 0 0 0
1575 3 0 0 1 0 0 0 0 0
1578 2 0 0 1 0 0 1 0 0
1582 3 1 1 1 0 0 0 0 0
1587 2 0 0 1 0 0 1 0 0
1588 1 0 0 0 0 0 1 0 0
1593 3 0 0 1 0 0 0 0 0
1608 3 1 1 2 0 0 0 0 0
1610 1 0 0 0 0 0 0 0 0
1612 3 0 0 1 0 0 0 0 0
1619 11 1 1 0 0 0 3 0 0
1622 6 0 0 0 0 0 0 0 0
1625 12 1 1 0 0 0 2 0 0
1626 2 0 0 1 0 0 0 0 0
1627 3 0 0 1 0 0 0 0 0
1629 6 1 1 0 0 0 1 0 0
1631 4 0 0 0 0 0 0 0 0
1632 2 0 0 1 1 0 0 0 0
1633 3 1 1 0 0 0 1 0 0
1643 5 0 0 0 0 0 1 0 0
1720 4 1 1 2 0 0 0 0 0
1724 8 1 1 0 0 0 0 0 0
1725 1 0 0 0 0 0 0 0 0
1728 2 0 0 0 0 0 1 0 0
1729 1 0 0 1 0 0 0 0 0
1730 2 0 0 0 0 0 0 0 0
1731 2 1 1 0 0 0 0 0 0
1737 5 0 0 0 0 0 0 0 0
1738 8 0 0 0 0 0 1 0 0
1739 4 1 1 0 0 0 0 0 0
1741 2 0 0 1 1 0 0 0 0
1744 19 0 0 2 0 0 0 0 0
1745 28 0 0 14 0 0 0 0 0
1748 3 0 0 2 0 0 1 0 0
1749 3 1 1 1 0 0 0 0 0
1750 1 0 0 0 0 0 1 0 0
1752 20 1 1 0 0 0 0 0 0
1753 13 0 0 6 0 0 0 0 0
1763 1 0 0 0 0 0 1 1 0
1765 2 0 0 1 0 0 1 0 0
1766 2 1 1 1 1 0 0 0 0
1768 3 0 0 0 0 0 1 0 0
1770 4 0 0 1 0 0 0 0 0
1772 3 0 0 1 1 0 0 0 0
1773 1 1 1 1 0 0 0 0 0
1784 3 1 1 0 0 0 0 0 0
1786 2 0 0 0 0 0 0 0 0
1787 2 0 0 0 0 0 1 0 0
1788 3 0 0 1 0 0 0 0 0
1790 2 0 0 1 0 0 0 0 0
1791 2 1 1 0 0 0 1 0 0
1799 4 0 0 0 0 0 1 0 0
1800 1 0 0 0 0 0 1 1 0
1801 5 0 0 0 0 0 1 0 0
1811 2 1 1 1 1 0 1 0 0
1812 2 0 0 1 0 0 0 0 0
1813 2 0 0 0 0 0 2 0 0
1815 2 0 0 1 0 0 0 0 0
1818 1 0 0 0 0 0 1 0 0
1820 2 0 0 1 0 0 0 0 0
2050 3 1 1 1 1 0 0 0 0
2106 2 1 1 0 0 0 1 0 0
2110 4 1 1 2 0 0 2 1 0
2114 2 0 0 1 1 0 1 1 0
2117 2 0 0 0 0 0 0 0 0
2125 2 1 1 0 0 0 0 0 0
2136 1 1 1 1 0 0 0 0 0
2171 3 2 2 1 0 0 0 0 0
2178 1 0 0 1 1 0 0 0 0
2180 11 0 0 1 0 0 1 0 0
2182 19 1 1 1 1 0 0 0 0
2184 21 1 1 14 5 0 0 0 0
2189 14 0 0 14 7 0 0 0 0
2191 16 0 0 0 0 0 0 0 0
2193 1 1 1 0 0 0 1 0 0
2194 1 0 0 1 0 0 0 0 0
2197 7 0 0 7 3 0 0 0 0
2199 21 0 0 0 0 0 0 0 0
2200 48 0 0 12 7 0 6 0 0
2204 25 0 0 9 8 0 0 0 0
2205 6 0 0 0 0 0 2 0 0
2207 4 0 0 0 0 0 0 0 0
2209 2 1 1 0 0 0 1 1 0
2215 2 0 0 1 0 0 0 0 0
2220 4 1 1 2 0 0 0 0 0
2221 1 1 1 1 0 0 0 0 0
2226 2 0 0 1 1 0 1 0 0
2230 2 0 0 1 0 0 0 0 0
2244 3 1 1 2 2 0 0 0 0
2246 4 1 1 1 0 0 0 0 0
2261 5 0 0 0 0 0 0 0 0
2263 1 0 0 1 0 0 0 0 0
2264 5 0 0 1 0 0 1 0 0
2265 4 0 0 0 0 0 0 0 0
2267 3 0 0 1 1 0 0 0 0
2275 1 0 0 0 0 0 1 0 0
2279 3 0 0 1 0 0 0 0 0
2299 3 0 0 0 0 0 1 0 0
2300 1 0 0 0 0 0 1 0 0
2301 1 0 0 0 0 0 1 0 0
2306 1 0 0 0 0 0 1 0 0
2311 8 1 1 7 3 0 0 0 0
2481 2 0 0 1 0 0 1 1 1
2483 1 0 0 0 0 0 0 0 0
2484 1 0 0 0 0 0 0 0 0
2488 13 2 2 1 0 0 4 1 0
2490 15 0 0 3 0 0 3 1 1
2494 105 1 1 21 0 0 0 0 0
2495 19 0 0 0 0 0 0 0 0
2497 4 0 0 0 0 0 0 0 0
2503 16 0 0 2 1 0 0 0 0
2526 6 1 1 0 0 0 1 0 0
2533 6 1 1 0 0 0 1 0 0
2535 3 1 1 0 0 0 1 0 0
2579 6 1 1 0 0 0 1 0 0
2581 3 1 1 0 0 0 1 0 0
2653 3 1 1 1 0 0 0 0 0
2686 3 0 0 1 0 0 0 0 0
fn=do_preload
803 6 0 0 0 0 0 3 0 0
805 1 0 0 0 0 0 1 0 0
809 1 0 0 0 0 0 1 0 0
810 1 1 1 0 0 0 1 0 0
811 1 0 0 0 0 0 1 0 0
813 1 0 0 1 0 0 0 0 0
815 6 0 0 0 0 0 1 0 0
816 3 0 0 1 0 0 0 0 0
824 3 1 1 1 0 0 0 0 0
830 5 0 0 4 0 0 0 0 0
fn=init_tls
716 1 0 0 0 0 0 1 0 0
718 2 0 0 1 1 0 1 0 0
722 2 0 0 1 1 0 0 0 0
723 1 1 1 0 0 0 0 0 0
728 2 0 0 0 0 0 1 0 0
731 1 0 0 0 0 0 1 0 0
732 4 0 0 0 0 0 1 0 0
737 1 0 0 0 0 0 0 0 0
739 1 0 0 0 0 0 1 1 0
743 2 1 1 1 1 1 0 0 0
744 1 0 0 0 0 0 0 0 0
745 17 1 1 1 0 0 0 0 0
746 14 0 0 7 0 0 0 0 0
747 14 0 0 7 7 0 0 0 0
751 6 0 0 0 0 0 2 1 1
753 2 0 0 0 0 0 0 0 0
755 3 0 0 0 0 0 0 0 0
758 1 1 1 0 0 0 1 0 0
765 2 0 0 0 0 0 1 0 0
766 2 0 0 0 0 0 0 0 0
772 2 1 1 1 0 0 1 0 0
780 7 0 0 0 0 0 2 0 0
784 1 1 1 0 0 0 1 0 0
786 1 0 0 0 0 0 0 0 0
787 2 0 0 2 0 0 0 0 0
fn=map_doit
624 2 1 1 0 0 0 1 0 0
626 8 1 1 3 0 0 2 0 0
628 2 0 0 2 0 0 0 0 0
fn=rtld_lock_default_lock_recursive
837 116 2 1 116 4 2 0 0 0
fn=rtld_lock_default_unlock_recursive
843 116 2 1 116 1 0 0 0 0
fn=security_init
850 2 0 0 0 0 0 1 0 0
852 1 0 0 1 1 0 0 0 0
854 1 0 0 0 0 0 1 0 0
861 1 0 0 1 0 0 0 0 0
863 1 0 0 0 0 0 1 0 0
865 1 0 0 0 0 0 1 0 0
870 1 1 1 0 0 0 1 0 0
871 3 0 0 2 0 0 0 0 0
fn=version_check_doit
656 2 1 1 0 0 0 1 0 0
658 6 0 0 2 0 0 1 0 0
662 2 0 0 2 0 0 0 0 0
fl=/build/eglibc-oGUzwX/eglibc-2.19/elf/setup-vdso.h
fn=dl_main
24 2 0 0 1 0 0 0 0 0
fl=/build/eglibc-oGUzwX/eglibc-2.19/iconv/gconv_simple.c
fn=__gconv_btwoc_ascii
52 512 1 1 0 0 0 0 0 0
55 128 0 0 128 0 0 0 0 0
fl=/build/eglibc-oGUzwX/eglibc-2.19/io/../sysdeps/unix/syscall-template.S
fn=__write_nocancel
81 5 0 0 1 0 0 0 0 0
fn=access
81 24 1 1 0 0 0 0 0 0
83 30 1 1 6 0 0 6 1 1
fn=close
81 24 1 1 0 0 0 0 0 0
82 6 0 0 6 0 0 0 0 0
fn=open
81 52 1 1 0 0 0 0 0 0
82 6 0 0 6 0 0 0 0 0
83 35 0 0 7 0 0 7 0 0
fn=read
81 20 0 0 0 0 0 0 0 0
82 5 0 0 5 0 0 0 0 0
fn=write
81 2 1 1 1 0 0 0 0 0
fl=/build/eglibc-oGUzwX/eglibc-2.19/io/../sysdeps/unix/sysv/linux/wordsize-64/fxstat.c
fn=_fxstat
33 7 0 0 0 0 0 0 0 0
34 14 2 2 0 0 0 0 0 0
35 42 0 0 0 0 0 0 0 0
39 7 0 0 7 0 0 0 0 0
fl=/build/eglibc-oGUzwX/eglibc-2.19/io/../sysdeps/unix/sysv/linux/wordsize-64/xstat.c
fn=_xstat
33 4 0 0 0 0 0 0 0 0
34 8 1 1 0 0 0 0 0 0
35 36 0 0 3 0 0 3 0 0
39 1 0 0 1 0 0 0 0 0
fl=/build/eglibc-oGUzwX/eglibc-2.19/libio/filedoalloc.c
fn=_IO_file_doallocate
96 5 1 1 0 0 0 3 0 0
111 8 1 1 3 2 0 1 0 0
113 4 0 0 1 0 0 0 0 0
124 6 1 1 1 0 0 0 0 0
128 8 0 0 0 0 0 1 0 0
129 5 1 1 0 0 0 1 0 0
130 1 0 0 0 0 0 0 0 0
131 5 0 0 4 0 0 0 0 0
fl=/build/eglibc-oGUzwX/eglibc-2.19/libio/fileops.c
fn=_IO_do_write@@GLIBC_2.2.5
509 12 1 1 0 0 0 8 0 0
511 10 0 0 0 0 0 0 0 0
512 12 0 0 10 0 0 0 0 0
523 4 1 1 1 0 0 0 0 0
530 4 0 0 2 0 0 0 0 0
538 6 1 1 2 0 0 1 0 0
539 3 0 0 1 0 0 0 0 0
541 4 1 1 1 0 0 3 0 0
542 2 0 0 0 0 0 2 0 0
543 1 0 0 0 0 0 1 0 0
544 3 1 1 1 0 0 0 0 0
545 4 0 0 2 0 0 0 0 0
fn=_IO_file_overflow@@GLIBC_2.2.5
824 4 1 1 0 0 0 3 0 0
825 3 0 0 1 0 0 0 0 0
832 3 0 0 0 0 0 0 0 0
835 2 1 1 1 0 0 0 0 0
837 2 1 1 0 0 0 1 0 0
838 6 0 0 2 0 0 3 0 0
847 2 1 1 0 0 0 0 0 0
856 4 0 0 2 0 0 0 0 0
858 1 0 0 0 0 0 1 0 0
859 2 0 0 0 0 0 1 0 0
860 1 0 0 0 0 0 1 0 0
861 2 0 0 0 0 0 2 0 0
863 3 1 1 0 0 0 1 0 0
864 5 0 0 1 0 0 0 0 0
867 2 0 0 0 0 0 0 0 0
868 2 1 1 0 0 0 0 0 0
869 1 0 0 0 0 0 0 0 0
880 3 0 0 3 0 0 0 0 0
fn=_IO_file_setbuf@@GLIBC_2.2.5
461 2 1 1 0 0 0 1 0 0
462 3 0 0 0 0 0 1 0 0
465 2 0 0 0 0 0 2 0 0
466 2 0 0 1 0 0 1 0 0
467 3 0 0 0 0 0 3 0 0
469 1 0 0 0 0 0 0 0 0
470 2 0 0 2 0 0 0 0 0
fn=_IO_file_stat
1222 1 1 1 0 0 0 0 0 0
1223 3 0 0 1 0 0 0 0 0
fn=_IO_file_sync@@GLIBC_2.2.5
886 14 1 1 0 0 0 7 0 0
891 28 0 0 14 1 0 0 0 0
892 10 1 1 1 0 0 1 0 0
893 7 1 1 7 0 0 0 0 0
894 14 0 0 7 0 0 0 0 0
911 14 0 0 0 0 0 7 0 0
915 14 0 0 14 0 0 0 0 0
fn=_IO_file_write@@GLIBC_2.2.5
1254 7 1 1 0 0 0 4 0 0
1256 7 0 0 0 0 0 0 0 0
1260 3 0 0 1 0 0 0 0 0
1261 3 1 1 1 0 0 1 0 0
1262 2 0 0 0 0 0 0 0 0
1267 1 0 0 0 0 0 0 0 0
1268 1 0 0 0 0 0 0 0 0
1271 3 0 0 1 0 0 0 0 0
1274 9 1 1 5 0 0 0 0 0
fn=_IO_file_xsputn@@GLIBC_2.2.5
1281 8 2 2 0 0 0 6 0 0
1287 2 0 0 0 0 0 0 0 0
1288 1 0 0 0 0 0 0 0 0
1294 6 0 0 1 0 0 0 0 0
1311 6 1 1 2 1 0 0 0 0
1328 3 0 0 0 0 0 0 0 0
1332 6 0 0 2 1 0 1 0 0
1338 2 0 0 2 0 0 0 0 0
1339 6 1 1 0 0 0 0 0 0
1341 3 0 0 0 0 0 0 0 0
1352 2 0 0 0 0 0 0 0 0
1353 6 0 0 0 0 0 1 0 0
1355 2 1 1 0 0 0 0 0 0
1356 8 0 0 7 0 0 0 0 0
fl=/build/eglibc-oGUzwX/eglibc-2.19/libio/genops.c
fn=_IO_cleanup
950 13 2 2 4 0 0 0 0 0
952 9 0 0 3 2 0 0 0 0
953 4 0 0 0 0 0 0 0 0
954 2 0 0 0 0 0 0 0 0
956 4 0 0 1 0 0 0 0 0
962 17 1 1 7 0 0 2 0 0
970 5 0 0 2 1 0 0 0 0
972 2 0 0 0 0 0 1 0 0
974 2 0 0 1 0 0 1 0 0
975 1 1 1 0 0 0 1 0 0
976 2 0 0 1 0 0 1 1 0
977 4 0 0 1 0 0 1 0 0
980 5 0 0 2 1 0 1 0 0
983 5 0 0 1 0 0 0 0 0
984 8 1 1 3 0 0 1 0 0
990 3 1 1 0 0 0 3 0 0
1010 5 1 1 0 0 0 4 0 0
1013 3 0 0 0 0 0 1 0 0
1025 7 0 0 5 0 0 0 0 0
fn=_IO_default_setbuf
400 5 0 0 1 0 0 0 0 0
402 1 0 0 0 0 0 1 0 0
403 1 0 0 0 0 0 1 0 0
407 2 1 1 0 0 0 1 0 0
557 6 1 1 0 0 0 3 0 0
558 4 1 1 2 0 0 1 0 0
560 2 0 0 0 0 0 0 0 0
562 2 0 0 0 0 0 1 0 0
563 2 0 0 0 0 0 0 0 0
567 2 0 0 1 0 0 0 0 0
570 3 0 0 0 0 0 3 0 0
571 3 0 0 0 0 0 3 0 0
572 1 0 0 0 0 0 0 0 0
573 4 1 1 4 0 0 0 0 0
fn=_IO_default_xsputn
447 6 1 1 0 0 0 5 0 0
450 6 0 0 0 0 0 0 0 0
451 1 0 0 0 0 0 0 0 0
455 4 1 1 2 0 0 0 0 0
457 3 0 0 0 0 0 0 0 0
460 2 0 0 0 0 0 0 0 0
463 5 1 1 0 0 0 2 0 0
468 1 0 0 0 0 0 0 0 0
478 1 1 1 0 0 0 0 0 0
480 2 0 0 0 0 0 0 0 0
484 2 0 0 0 0 0 0 0 0
485 6 0 0 6 0 0 0 0 0
fn=_IO_doallocbuf
414 4 1 1 0 0 0 3 0 0
415 2 0 0 1 0 0 0 0 0
417 3 1 1 1 0 0 0 0 0
418 5 0 0 2 1 0 1 0 0
421 4 0 0 4 0 0 0 0 0
fn=_IO_flush_all_lockp
822 8 1 1 0 0 0 6 0 0
823 1 0 0 0 0 0 0 0 0
828 3 0 0 0 0 0 0 0 0
833 1 0 0 1 1 1 0 0 0
834 1 1 1 1 1 0 0 0 0
835 8 0 0 0 0 0 0 0 0
837 3 0 0 0 0 0 3 0 0
838 6 1 1 0 0 0 0 0 0
839 2 0 0 1 0 0 0 0 0
841 21 2 2 9 2 1 0 0 0
851 6 1 1 0 0 0 0 0 0
853 3 1 1 0 0 0 3 0 0
855 9 1 1 3 0 0 0 0 0
862 3 0 0 3 2 1 0 0 0
866 2 0 0 0 0 0 0 0 0
868 2 0 0 0 0 0 0 0 0
872 9 0 0 7 0 0 0 0 0
fn=_IO_setb
399 5 1 1 0 0 0 2 0 0
400 4 0 0 2 0 0 0 0 0
402 1 0 0 0 0 0 1 0 0
403 1 0 0 0 0 0 1 1 0
405 6 0 0 0 0 0 1 0 0
408 4 0 0 3 0 0 0 0 0
fl=/build/eglibc-oGUzwX/eglibc-2.19/libio/iofflush.c
fn=fflush
33 12 0 0 0 0 0 6 0 0
34 12 1 1 0 0 0 0 0 0
40 96 2 2 54 4 1 6 0 0
41 42 0 0 12 1 0 6 0 0
45 18 0 0 12 0 0 0 0 0
fl=/build/eglibc-oGUzwX/eglibc-2.19/libio/iofwrite.c
fn=fwrite
35 7 2 2 0 0 0 4 0 0
36 2 0 0 0 0 0 0 0 0
39 2 0 0 0 0 0 0 0 0
41 18 1 1 9 3 2 1 0 0
42 4 1 1 1 1 0 1 0 0
43 9 0 0 2 1 0 1 0 0
49 2 0 0 0 0 0 0 0 0
50 1 0 0 0 0 0 0 0 0
53 6 0 0 5 0 0 0 0 0
fl=/build/eglibc-oGUzwX/eglibc-2.19/libio/libioP.h
fn=fflush
904 12 0 0 6 0 0 0 0 0
905 54 1 1 24 0 0 6 0 0
fn=fwrite
904 2 1 1 1 0 0 0 0 0
905 9 1 1 4 0 0 1 0 0
fl=/build/eglibc-oGUzwX/eglibc-2.19/locale/newlocale.c
fn=newlocale
44 12 2 2 0 0 0 8 0 0
56 2 0 0 0 0 0 0 0 0
57 2 1 1 0 0 0 1 0 0
64 2 0 0 0 0 0 0 0 0
67 4 1 1 1 0 0 0 0 0
73 2 0 0 1 0 0 0 0 0
74 7 2 2 3 0 0 0 0 0
76 1 1 1 0 0 0 0 0 0
279 8 0 0 7 0 0 0 0 0
fl=/build/eglibc-oGUzwX/eglibc-2.19/locale/uselocale.c
fn=uselocale
31 4 1 1 4 2 0 0 0 0
33 6 0 0 0 0 0 0 0 0
36 4 0 0 0 0 0 0 0 0
37 2 0 0 0 0 0 2 0 0
65 6 0 0 4 3 0 2 1 0
66 6 1 1 4 1 0 2 0 0
68 6 0 0 4 2 0 2 1 0
72 6 0 0 0 0 0 0 0 0
73 2 0 0 2 0 0 0 0 0
fl=/build/eglibc-oGUzwX/eglibc-2.19/malloc/arena.c
fn=malloc_hook_ini
373 3 0 0 1 1 1 0 0 0
fn=ptmalloc_init.part.7
334 195 0 0 65 17 0 0 0 0
336 128 0 0 64 49 0 0 0 0
337 2 1 1 1 0 0 0 0 0
338 2 0 0 1 0 0 0 0 0
352 64 0 0 0 0 0 0 0 0
371 6 1 1 0 0 0 5 0 0
376 1 0 0 0 0 0 1 0 0
384 2 1 1 1 0 0 0 0 0
385 7 1 1 0 0 0 1 0 0
386 4 0 0 2 1 0 0 0 0
391 3 0 0 1 1 0 1 1 0
392 12 1 1 1 1 0 6 2 2
394 5 1 1 2 1 0 0 0 0
410 2 0 0 0 0 0 0 0 0
455 2 0 0 0 0 0 0 0 0
461 2 1 1 2 2 1 0 0 0
462 2 0 0 0 0 0 0 0 0
464 1 0 0 0 0 0 1 1 0
465 7 0 0 6 2 0 0 0 0
fl=/build/eglibc-oGUzwX/eglibc-2.19/malloc/hooks.c
fn=malloc_hook_ini
29 4 0 0 1 0 0 2 0 0
30 2 1 1 1 0 0 1 0 0
32 1 0 0 0 0 0 0 0 0
33 1 0 0 0 0 0 0 0 0
fl=/build/eglibc-oGUzwX/eglibc-2.19/malloc/malloc.c
fn=_int_free
1869 1161 0 0 387 1 0 0 0 0
3814 3483 1 1 0 0 0 2709 0 0
3827 1161 0 0 387 0 0 0 0 0
3833 1548 0 0 0 0 0 0 0 0
3834 774 1 1 0 0 0 0 0 0
3845 1548 0 0 0 0 0 0 0 0
3858 1161 0 0 387 1 0 0 0 0
3933 774 1 1 0 0 0 0 0 0
3934 1161 0 0 387 0 0 0 0 0
3943 2709 2 2 1161 2 0 0 0 0
3945 774 0 0 0 0 0 387 0 0
3948 387 0 0 0 0 0 0 0 0
3952 1161 0 0 387 1 0 0 0 0
3958 1548 0 0 387 0 0 0 0 0
3960 1161 1 1 387 1 0 0 0 0
3966 1161 1 1 387 0 0 0 0 0
3972 774 0 0 0 0 0 0 0 0
3973 774 0 0 0 0 0 0 0 0
3974 774 0 0 387 1 0 0 0 0
3983 774 0 0 387 0 0 0 0 0
3984 385 0 0 385 0 0 0 0 0
3985 385 0 0 0 0 0 0 0 0
3986 385 1 1 0 0 0 0 0 0
3987 5002 0 0 2309 0 0 770 0 0
3990 774 1 1 387 0 0 0 0 0
3995 770 0 0 385 343 0 0 0 0
3999 770 1 1 385 0 0 0 0 0
4007 385 0 0 0 0 0 0 0 0
4008 385 1 1 385 1 0 0 0 0
4009 770 0 0 385 0 0 0 0 0
4014 385 0 0 0 0 0 385 1 0
4015 385 0 0 0 0 0 385 0 0
4016 770 0 0 0 0 0 0 0 0
4018 384 0 0 0 0 0 384 1 0
4019 384 0 0 0 0 0 384 0 0
4021 385 1 1 0 0 0 385 0 0
4022 385 0 0 0 0 0 385 0 0
4024 1155 0 0 0 0 0 385 0 0
4025 385 0 0 0 0 0 385 0 0
4036 2 1 1 0 0 0 0 0 0
4037 6 0 0 0 0 0 2 0 0
4038 4 0 0 0 0 0 2 0 0
4055 774 0 0 0 0 0 0 0 0
4056 522 0 0 261 0 0 0 0 0
4059 783 1 1 0 0 0 0 0 0
4061 1305 1 1 783 1 0 0 0 0
4063 10 1 1 2 0 0 2 1 0
4075 1161 1 1 387 0 0 0 0 0
4076 1161 0 0 387 0 0 0 0 0
4077 1548 0 0 774 0 0 0 0 0
4087 3096 0 0 2709 0 0 0 0 0
fn=_int_malloc
1862 1164 0 0 388 2 1 0 0 0
2271 10 1 1 4 3 0 4 0 0
2272 4 1 1 0 0 0 0 0 0
2282 4 0 0 2 2 1 0 0 0
2360 2 0 0 0 0 0 0 0 0
2369 12 2 2 1 0 0 0 0 0
2375 2 0 0 1 0 0 0 0 0
2378 6 1 1 0 0 0 0 0 0
2433 4 1 1 2 0 0 0 0 0
2442 10 0 0 2 0 0 0 0 0
2452 18 1 1 2 0 0 4 0 0
2460 4 2 1 0 0 0 0 0 0
2462 12 0 0 6 3 0 4 0 0
2466 10 0 0 4 0 0 0 0 0
2469 4 0 0 4 2 0 0 0 0
2470 4 0 0 0 0 0 0 0 0
2489 2 1 1 0 0 0 0 0 0
2516 4 0 0 2 2 1 0 0 0
2517 1 0 0 0 0 0 1 0 0
2518 6 0 0 2 0 0 2 0 0
2524 6 0 0 0 0 0 0 0 0
2525 6 1 1 1 0 0 1 0 0
2527 8 3 3 1 0 0 0 0 0
2569 6 2 2 0 0 0 0 0 0
2588 1 0 0 0 0 0 0 0 0
2591 2 0 0 0 0 0 0 0 0
2592 7 1 1 2 0 0 0 0 0
2594 2 0 0 0 0 0 0 0 0
2595 4 0 0 2 0 0 2 0 0
2607 3 0 0 1 0 0 0 0 0
2615 2 0 0 2 0 0 0 0 0
2616 3 1 1 1 0 0 0 0 0
2654 1 0 0 0 0 0 1 0 0
2655 5 0 0 0 0 0 1 1 1
2656 2 0 0 0 0 0 1 0 0
2667 2 0 0 0 0 0 0 0 0
2700 4 2 1 2 2 0 0 0 0
2701 2 0 0 0 0 0 2 0 0
2706 4 0 0 2 0 0 0 0 0
2709 4 2 1 2 0 0 0 0 0
2711 2 0 0 0 0 0 0 0 0
2712 2 0 0 0 0 0 0 0 0
2713 2 0 0 0 0 0 2 0 0
2714 16 0 0 0 0 0 2 0 0
2715 4 0 0 0 0 0 2 2 2
2717 2 0 0 0 0 0 0 0 0
3302 3104 3 2 0 0 0 2716 1 0
3332 3880 0 0 0 0 0 0 0 0
3340 776 0 0 388 2 1 0 0 0
3377 776 2 1 0 0 0 0 0 0
3379 768 0 0 0 0 0 0 0 0
3380 768 1 1 0 0 0 0 0 0
3382 1152 0 0 384 1 0 0 0 0
3421 36 4 4 0 0 0 0 0 0
3422 8 0 0 4 0 0 0 0 0
3423 4 0 0 1 0 0 2 1 0
3442 1940 1 1 388 1 0 0 0 0
3576 776 3 2 0 0 0 0 0 0
3578 8 1 1 0 0 0 0 0 0
3581 12 0 0 4 1 0 0 0 0
3649 388 0 0 0 0 0 0 0 0
3650 776 0 0 0 0 0 0 0 0
3651 776 0 0 0 0 0 0 0 0
3652 776 0 0 388 3 0 0 0 0
3653 776 0 0 0 0 0 0 0 0
3658 2328 0 0 0 0 0 0 0 0
3662 3477 2 1 0 0 0 0 0 0
3665 3084 0 0 771 0 0 0 0 0
3765 388 2 1 388 1 0 0 0 0
3766 1164 0 0 388 1 0 0 0 0
3768 1164 0 0 0 0 0 0 0 0
3770 386 0 0 0 0 0 0 0 0
3771 386 0 0 0 0 0 0 0 0
3772 386 0 0 0 0 0 386 0 0
3773 3088 1 1 0 0 0 386 0 0
3775 772 0 0 0 0 0 386 386 386
3778 386 0 0 0 0 0 0 0 0
3785 4 0 0 2 0 0 0 0 0
3790 1552 1 1 0 0 0 388 0 0
3792 9700 2 1 0 0 0 3880 0 0
3801 4 0 0 0 0 0 0 0 0
3806 3492 0 0 2716 0 0 0 0 0
4990 1552 1 1 0 0 0 776 0 0
4992 1164 0 0 388 0 0 388 0 0
5000 2 1 1 0 0 0 2 0 0
fn=free
2917 774 1 1 774 2 0 0 0 0
2918 774 0 0 0 0 0 0 0 0
2924 774 0 0 0 0 0 0 0 0
2927 387 0 0 0 0 0 0 0 0
2929 1161 0 0 387 2 0 0 0 0
2945 1161 0 0 0 0 0 0 0 0
2946 774 1 1 0 0 0 0 0 0
fn=malloc
2876 1556 2 1 0 0 0 778 1 0
2881 778 0 0 778 6 0 0 0 0
2882 778 0 0 0 0 0 0 0 0
2883 2 1 1 1 0 0 0 0 0
2885 776 2 1 776 2 0 0 0 0
2887 3104 0 0 776 3 0 0 0 0
2891 1552 0 0 0 0 0 388 0 0
2892 776 1 1 0 0 0 0 0 0
2903 1552 0 0 776 0 0 0 0 0
2904 3104 0 0 388 0 0 0 0 0
2907 1943 1 1 1167 0 0 0 0 0
fn=malloc_consolidate
1785 381 0 0 0 0 0 0 0 0
1788 381 0 0 0 0 0 254 64 32
1792 3 0 0 0 0 0 0 0 0
1796 3 1 1 1 0 0 1 0 0
1797 2 1 1 0 0 0 1 0 0
1799 1 0 0 0 0 0 1 1 1
4104 8 2 2 0 0 0 6 1 0
4126 5 0 0 1 0 0 0 0 0
4199 8 0 0 7 0 0 0 0 0
4996 1 1 1 0 0 0 0 0 0
fn=systrim.isra.1
2736 18 1 1 0 0 0 12 1 0
2746 4 0 0 4 2 0 0 0 0
2747 6 0 0 4 0 0 0 0 0
2749 2 0 0 0 0 0 0 0 0
2750 4 1 1 0 0 0 0 0 0
2754 12 0 0 0 0 0 2 0 0
2760 10 0 0 4 2 0 2 1 0
2761 8 0 0 2 0 0 0 0 0
2773 6 1 1 4 0 0 2 0 0
2775 4 0 0 4 0 0 0 0 0
2776 6 0 0 2 0 0 0 0 0
2778 8 0 0 4 0 0 4 0 0
2782 4 0 0 0 0 0 0 0 0
2786 6 1 1 2 0 0 0 0 0
2789 2 0 0 2 0 0 0 0 0
2790 8 0 0 2 0 0 2 0 0
2792 4 0 0 0 0 0 0 0 0
2797 16 0 0 14 0 0 0 0 0
fl=/build/eglibc-oGUzwX/eglibc-2.19/malloc/morecore.c
fn=__default_morecore
46 9 1 1 0 0 0 0 0 0
47 9 0 0 0 0 0 9 0 0
49 27 0 0 0 0 0 0 0 0
52 27 0 0 9 0 0 0 0 0
fl=/build/eglibc-oGUzwX/eglibc-2.19/math/../sysdeps/x86_64/fpu/multiarch/e_asin.c
fn=__acos_finite
10 7 1 1 2 0 0 1 0 0
fn=__asin_finite
14 7 1 1 2 0 0 1 0 0
fl=/build/eglibc-oGUzwX/eglibc-2.19/math/../sysdeps/x86_64/fpu/multiarch/e_atan2.c
fn=__atan2_finite
15 1 1 1 0 0 0 0 0 0
fl=/build/eglibc-oGUzwX/eglibc-2.19/math/../sysdeps/x86_64/fpu/multiarch/e_exp.c
fn=__exp_finite
15 10 2 2 2 0 0 1 0 0
fl=/build/eglibc-oGUzwX/eglibc-2.19/math/../sysdeps/x86_64/fpu/multiarch/e_log.c
fn=__log_finite
15 1 1 1 0 0 0 0 0 0
fl=/build/eglibc-oGUzwX/eglibc-2.19/math/../sysdeps/x86_64/fpu/multiarch/e_pow.c
fn=__pow_finite
8 7 1 1 2 0 0 1 0 0
fl=/build/eglibc-oGUzwX/eglibc-2.19/math/../sysdeps/x86_64/fpu/multiarch/s_ceil.S
fn=ceil
25 1 1 1 0 0 0 1 0 0
26 1 0 0 0 0 0 0 0 0
27 1 0 0 0 0 0 0 0 0
28 1 0 0 1 0 0 0 0 0
29 1 0 0 0 0 0 0 0 0
31 1 0 0 1 0 0 0 0 0
fl=/build/eglibc-oGUzwX/eglibc-2.19/math/../sysdeps/x86_64/fpu/multiarch/s_ceilf.S
fn=ceilf
25 1 1 1 0 0 0 1 0 0
26 1 0 0 0 0 0 0 0 0
27 1 0 0 0 0 0 0 0 0
28 1 0 0 1 0 0 0 0 0
29 1 0 0 0 0 0 0 0 0
31 1 0 0 1 0 0 0 0 0
fl=/build/eglibc-oGUzwX/eglibc-2.19/math/../sysdeps/x86_64/fpu/multiarch/s_floor.S
fn=floor
25 1 1 1 0 0 0 1 0 0
26 1 0 0 0 0 0 0 0 0
27 1 0 0 0 0 0 0 0 0
28 1 0 0 1 0 0 0 0 0
29 1 0 0 0 0 0 0 0 0
31 1 0 0 1 0 0 0 0 0
fl=/build/eglibc-oGUzwX/eglibc-2.19/math/../sysdeps/x86_64/fpu/multiarch/s_floorf.S
fn=floorf
25 1 1 1 0 0 0 1 0 0
26 1 0 0 0 0 0 0 0 0
27 1 0 0 0 0 0 0 0 0
28 1 1 1 1 0 0 0 0 0
29 1 0 0 0 0 0 0 0 0
31 1 0 0 1 0 0 0 0 0
fl=/build/eglibc-oGUzwX/eglibc-2.19/math/../sysdeps/x86_64/fpu/multiarch/s_rint.S
fn=rint
25 1 1 1 0 0 0 1 0 0
26 1 0 0 0 0 0 0 0 0
27 1 0 0 0 0 0 0 0 0
28 1 0 0 1 0 0 0 0 0
29 1 0 0 0 0 0 0 0 0
31 1 0 0 1 0 0 0 0 0
fl=/build/eglibc-oGUzwX/eglibc-2.19/math/../sysdeps/x86_64/fpu/multiarch/s_rintf.S
fn=rintf
25 1 1 1 0 0 0 1 0 0
26 1 0 0 0 0 0 0 0 0
27 1 0 0 0 0 0 0 0 0
28 1 0 0 1 0 0 0 0 0
29 1 0 0 0 0 0 0 0 0
31 1 0 0 1 0 0 0 0 0
fl=/build/eglibc-oGUzwX/eglibc-2.19/math/../sysdeps/x86_64/fpu/multiarch/s_sin.c
fn=cos
20 10 2 2 2 0 0 1 0 0
fn=sin
24 1 0 0 0 0 0 0 0 0
fl=/build/eglibc-oGUzwX/eglibc-2.19/misc/../sysdeps/unix/syscall-template.S
fn=mmap
81 95 3 3 0 0 0 0 0 0
82 19 0 0 19 0 0 0 0 0
fn=mprotect
81 48 1 1 0 0 0 0 0 0
82 12 0 0 12 0 0 0 0 0
fn=munmap
81 4 0 0 0 0 0 0 0 0
82 1 0 0 1 0 0 0 0 0
fl=/build/eglibc-oGUzwX/eglibc-2.19/misc/../sysdeps/unix/sysv/linux/x86_64/brk.c
fn=brk
28 5 0 0 0 0 0 0 0 0
31 40 2 1 5 0 0 5 0 0
33 10 0 0 0 0 0 0 0 0
39 5 0 0 0 0 0 0 0 0
40 5 0 0 5 0 0 0 0 0
fl=/build/eglibc-oGUzwX/eglibc-2.19/misc/init-misc.c
fn=__init_misc
30 4 1 1 0 0 0 2 0 0
31 5 0 0 1 0 0 0 0 0
33 3 0 0 0 0 0 1 0 0
37 5 0 0 1 1 0 1 1 0
38 3 1 1 2 1 0 1 0 0
40 4 0 0 3 0 0 0 0 0
fl=/build/eglibc-oGUzwX/eglibc-2.19/misc/sbrk.c
fn=sbrk
34 36 2 1 0 0 0 27 2 0
42 60 1 1 26 9 1 0 0 0
43 6 1 1 1 0 0 1 0 0
46 18 0 0 0 0 0 0 0 0
50 10 0 0 0 0 0 0 0 0
52 4 0 0 0 0 0 0 0 0
53 20 0 0 0 0 0 4 0 0
57 45 0 0 36 0 0 0 0 0
fl=/build/eglibc-oGUzwX/eglibc-2.19/nptl/../nptl/sysdeps/unix/sysv/linux/register-atfork.c
fn=__linkin_atfork
116 2 1 1 1 1 1 1 0 0
117 6 0 0 2 1 0 0 0 0
119 1 0 0 1 0 0 0 0 0
fl=/build/eglibc-oGUzwX/eglibc-2.19/nptl/../nptl/sysdeps/unix/sysv/linux/unregister-atfork.c
fn=__unregister_atfork
28 8 0 0 0 0 0 4 0 0
36 4 1 1 4 1 0 0 0 0
39 16 0 0 0 0 0 0 0 0
40 12 0 0 4 1 0 0 0 0
45 4 0 0 4 1 0 0 0 0
121 8 0 0 8 0 0 0 0 0
fl=/build/eglibc-oGUzwX/eglibc-2.19/posix/../sysdeps/unix/syscall-template.S
fn=uname
81 4 1 1 0 0 0 0 0 0
82 1 0 0 1 0 0 0 0 0
fl=/build/eglibc-oGUzwX/eglibc-2.19/posix/../sysdeps/unix/sysv/linux/_exit.c
fn=_Exit
28 2 1 1 1 1 0 0 0 0
32 4 0 0 0 0 0 0 0 0
34 2 0 0 0 0 0 0 0 0
fl=/build/eglibc-oGUzwX/eglibc-2.19/setjmp/../sysdeps/x86_64/bsd-_setjmp.S
fn=_setjmp
30 1 1 1 0 0 0 0 0 0
32 1 0 0 0 0 0 0 0 0
fl=/build/eglibc-oGUzwX/eglibc-2.19/setjmp/../sysdeps/x86_64/setjmp.S
fn=__sigsetjmp
26 12 2 2 0 0 0 12 1 0
35 12 0 0 0 0 0 0 0 0
36 24 2 2 12 0 0 0 0 0
37 12 0 0 0 0 0 12 1 0
41 12 0 0 0 0 0 12 0 0
42 12 0 0 0 0 0 12 0 0
43 12 0 0 0 0 0 12 1 0
44 12 0 0 0 0 0 12 1 1
45 12 0 0 0 0 0 0 0 0
47 24 0 0 12 0 0 0 0 0
49 12 0 0 0 0 0 12 0 0
50 12 0 0 12 0 0 0 0 0
53 24 0 0 12 0 0 0 0 0
55 12 1 1 0 0 0 12 0 0
59 11 0 0 0 0 0 0 0 0
60 11 0 0 11 0 0 0 0 0
64 1 0 0 0 0 0 0 0 0
fl=/build/eglibc-oGUzwX/eglibc-2.19/setjmp/sigjmp.c
fn=__sigjmp_save
28 2 0 0 0 0 0 1 0 0
29 4 0 0 0 0 0 1 1 0
34 3 0 0 2 0 0 0 0 0
fl=/build/eglibc-oGUzwX/eglibc-2.19/stdlib/../stdlib/strtol.c
fn=strtol
108 4 1 1 2 2 0 0 0 0
fl=/build/eglibc-oGUzwX/eglibc-2.19/stdlib/../stdlib/strtol_l.c
fn=____strtol_l_internal
232 9 2 2 0 0 0 7 0 0
246 1 0 0 1 1 0 0 0 0
252 1 0 0 0 0 0 0 0 0
258 2 0 0 0 0 0 0 0 0
279 1 0 0 0 0 0 0 0 0
280 1 0 0 0 0 0 0 0 0
289 4 0 0 0 0 0 0 0 0
298 6 0 0 3 2 1 0 0 0
300 2 1 1 0 0 0 0 0 0
304 1 0 0 0 0 0 1 0 0
305 2 0 0 0 0 0 0 0 0
310 2 0 0 0 0 0 0 0 0
314 2 1 1 0 0 0 0 0 0
324 2 0 0 0 0 0 0 0 0
331 3 0 0 0 0 0 0 0 0
334 5 1 1 0 0 0 0 0 0
376 1 0 0 0 0 0 0 0 0
379 3 0 0 1 1 1 0 0 0
380 3 1 1 1 1 1 1 0 0
382 1 0 0 0 0 0 0 0 0
383 1 0 0 0 0 0 0 0 0
384 1 0 0 0 0 0 0 0 0
438 12 1 1 2 0 0 0 0 0
440 6 1 1 0 0 0 0 0 0
442 6 0 0 0 0 0 0 0 0
456 2 0 0 0 0 0 1 0 0
470 6 1 1 0 0 0 0 0 0
473 8 0 0 0 0 0 0 0 0
478 3 0 0 0 0 0 0 0 0
479 4 0 0 0 0 0 0 0 0
484 2 0 0 0 0 0 0 0 0
489 3 0 0 1 0 0 0 0 0
495 2 0 0 0 0 0 0 0 0
496 3 2 2 0 0 0 0 0 0
498 3 0 0 1 0 0 0 0 0
513 1 0 0 0 0 0 0 0 0
531 8 0 0 7 0 0 0 0 0
fl=/build/eglibc-oGUzwX/eglibc-2.19/stdlib/atoi.c
fn=atoi
26 1 1 1 0 0 0 0 0 0
27 3 0 0 0 0 0 1 0 0
28 2 0 0 1 0 0 0 0 0
fl=/build/eglibc-oGUzwX/eglibc-2.19/stdlib/cxa_atexit.c
fn=__cxa_atexit
35 14 0 0 0 0 0 7 0 0
37 14 0 0 0 0 0 0 0 0
41 21 1 1 7 2 0 0 0 0
43 7 0 0 0 0 0 7 0 0
44 7 0 0 0 0 0 7 7 0
45 7 0 0 0 0 0 7 0 0
47 7 0 0 0 0 0 7 0 0
48 7 0 0 0 0 0 0 0 0
57 42 1 1 0 0 0 21 0 0
59 28 0 0 28 0 0 0 0 0
fn=__new_exitfn
73 28 1 1 0 0 0 14 0 0
74 14 0 0 0 0 0 0 0 0
79 42 2 1 14 5 2 0 0 0
81 32 1 1 8 3 0 0 0 0
83 33 0 0 7 3 0 0 0 0
84 30 0 0 6 2 0 0 0 0
91 1 0 0 0 0 0 1 0 0
94 12 0 0 0 0 0 0 0 0
112 1 1 1 0 0 0 0 0 0
113 2 0 0 0 0 0 1 0 0
119 18 0 0 0 0 0 0 0 0
120 12 0 0 0 0 0 6 0 0
126 7 1 1 0 0 0 7 3 0
127 7 0 0 7 3 1 0 0 0
130 28 0 0 14 0 0 0 0 0
133 35 0 0 21 0 0 0 0 0
fl=/build/eglibc-oGUzwX/eglibc-2.19/stdlib/cxa_finalize.c
fn=__cxa_finalize
31 32 1 1 0 0 0 24 0 0
35 28 2 2 8 0 0 0 0 0
39 92 0 0 4 0 0 0 0 0
44 40 0 0 20 5 0 0 0 0
46 15 1 1 5 0 0 0 0 0
47 5 0 0 5 0 0 0 0 0
48 24 0 0 10 0 0 0 0 0
51 5 0 0 5 1 0 0 0 0
54 10 0 0 5 0 0 0 0 0
56 10 0 0 0 0 0 5 0 0
60 10 0 0 5 0 0 0 0 0
67 28 0 0 8 0 0 0 0 0
71 24 1 1 4 1 0 0 0 0
79 8 0 0 0 0 0 0 0 0
80 8 0 0 0 0 0 0 0 0
82 28 1 1 24 0 0 0 0 0
fl=/build/eglibc-oGUzwX/eglibc-2.19/stdlib/cxa_thread_atexit_impl.c
fn=__call_tls_dtors
82 3 1 1 0 0 0 3 0 0
83 5 1 1 1 1 0 1 0 0
101 4 1 1 4 0 0 0 0 0
fl=/build/eglibc-oGUzwX/eglibc-2.19/stdlib/exit.c
fn=__run_exit_handlers
35 8 1 1 0 0 0 4 0 0
40 2 0 0 1 1 0 1 0 0
46 11 0 0 3 1 0 0 0 0
50 19 1 1 0 0 0 0 0 0
52 7 0 0 0 0 0 7 0 0
53 7 0 0 0 0 0 0 0 0
54 50 0 0 7 2 0 0 0 0
78 2 1 1 2 0 0 0 0 0
80 4 0 0 2 1 0 0 0 0
82 6 0 0 2 1 0 2 0 0
83 2 0 0 0 0 0 0 0 0
87 2 0 0 1 0 0 1 0 0
88 2 0 0 0 0 0 0 0 0
94 2 1 1 0 0 0 0 0 0
95 8 0 0 1 1 0 1 0 0
97 2 0 0 0 0 0 1 0 0
fn=exit
103 1 0 0 0 0 0 0 0 0
104 3 1 1 0 0 0 1 0 0
fl=/build/eglibc-oGUzwX/eglibc-2.19/string/../bits/stdlib-bsearch.h
fn=intel_check_word
27 8 1 1 0 0 0 0 0 0
28 16 0 0 0 0 0 0 0 0
29 110 1 1 0 0 0 0 0 0
31 154 0 0 0 0 0 0 0 0
32 54 1 1 0 0 0 0 0 0
37 8 0 0 0 0 0 0 0 0
fl=/build/eglibc-oGUzwX/eglibc-2.19/string/../string/memcmp.c
fn=bcmp
105 25 0 0 25 0 0 0 0 0
106 50 0 0 25 0 0 0 0 0
110 55 1 1 0 0 0 0 0 0
111 15 1 1 0 0 0 0 0 0
129 42 1 1 0 0 0 0 0 0
133 6 1 1 6 2 2 0 0 0
134 6 0 0 6 1 0 0 0 0
135 6 0 0 0 0 0 0 0 0
136 6 0 0 0 0 0 0 0 0
137 6 1 1 0 0 0 0 0 0
183 6 0 0 6 1 0 0 0 0
184 6 0 0 6 0 0 0 0 0
185 42 0 0 0 0 0 10 2 1
192 2 1 1 0 0 0 0 0 0
197 2 1 1 0 0 0 0 0 0
221 2 0 0 0 0 0 0 0 0
222 4 0 0 0 0 0 0 0 0
226 4 0 0 0 0 0 0 0 0
228 14 1 1 0 0 0 0 0 0
232 2 0 0 2 0 0 0 0 0
233 2 0 0 2 0 0 0 0 0
234 2 0 0 2 0 0 0 0 0
235 2 0 0 0 0 0 0 0 0
236 2 0 0 0 0 0 0 0 0
237 2 0 0 0 0 0 0 0 0
289 2 0 0 2 0 0 0 0 0
290 2 0 0 2 0 0 0 0 0
291 12 0 0 0 0 0 0 0 0
292 4 0 0 0 0 0 0 0 0
299 4 0 0 0 0 0 0 0 0
304 12 1 1 0 0 0 0 0 0
305 4 0 0 0 0 0 0 0 0
315 154 2 2 0 0 0 132 3 1
318 22 0 0 0 0 0 0 0 0
319 22 0 0 0 0 0 0 0 0
322 44 0 0 0 0 0 0 0 0
326 24 0 0 0 0 0 0 0 0
342 24 1 1 0 0 0 0 0 0
343 16 0 0 0 0 0 0 0 0
346 10 0 0 0 0 0 0 0 0
350 9 0 0 0 0 0 0 0 0
351 3 0 0 0 0 0 0 0 0
352 3 0 0 0 0 0 0 0 0
356 252 1 1 0 0 0 0 0 0
358 110 0 0 110 1 1 0 0 0
359 110 0 0 110 7 6 0 0 0
360 110 0 0 0 0 0 0 0 0
363 357 0 0 0 0 0 0 0 0
368 16 1 1 0 0 0 0 0 0
369 176 0 0 154 0 0 0 0 0
fl=/build/eglibc-oGUzwX/eglibc-2.19/string/../string/memmove.c
fn=memmove
49 40 2 1 0 0 0 24 0 0
55 32 0 0 0 0 0 0 0 0
63 32 0 0 0 0 0 0 0 0
66 20 2 1 0 0 0 0 0 0
67 8 0 0 0 0 0 0 0 0
79 72 2 1 4 0 0 8 0 0
85 112 0 0 16 0 0 16 0 0
116 40 2 1 32 0 0 0 0 0
fl=/build/eglibc-oGUzwX/eglibc-2.19/string/../sysdeps/x86_64/memcpy.S
fn=__GI_mempcpy
61 1 1 1 0 0 0 0 0 0
65 1 0 0 0 0 0 0 0 0
68 1 0 0 0 0 0 0 0 0
69 1 0 0 0 0 0 0 0 0
71 1 0 0 1 0 0 0 0 0
72 1 0 0 0 0 0 1 1 0
74 1 0 0 0 0 0 0 0 0
75 1 0 0 0 0 0 0 0 0
80 1 0 0 0 0 0 0 0 0
81 1 0 0 0 0 0 0 0 0
83 1 0 0 1 0 0 0 0 0
84 1 0 0 0 0 0 1 0 0
86 1 0 0 0 0 0 0 0 0
87 1 0 0 0 0 0 0 0 0
92 1 0 0 0 0 0 0 0 0
93 1 0 0 0 0 0 0 0 0
95 1 0 0 1 0 0 0 0 0
96 1 0 0 0 0 0 1 0 0
98 1 0 0 0 0 0 0 0 0
99 1 0 0 0 0 0 0 0 0
104 1 0 0 0 0 0 0 0 0
105 1 0 0 0 0 0 0 0 0
116 1 1 1 0 0 0 0 0 0
117 2 0 0 0 0 0 0 0 0
122 1 0 0 1 0 0 0 0 0
123 1 0 0 1 0 0 0 0 0
124 1 0 0 0 0 0 1 0 0
125 1 0 0 0 0 0 1 0 0
127 1 0 0 0 0 0 0 0 0
129 1 0 0 0 0 0 0 0 0
130 1 0 0 0 0 0 0 0 0
132 1 0 0 0 0 0 0 0 0
138 1 0 0 0 0 0 0 0 0
142 1 0 0 1 0 0 0 0 0
fn=mempcpy
61 28 1 1 0 0 0 0 0 0
65 28 0 0 0 0 0 0 0 0
68 26 0 0 0 0 0 0 0 0
69 26 0 0 0 0 0 0 0 0
71 13 0 0 13 1 1 0 0 0
72 13 0 0 0 0 0 13 3 2
74 13 1 1 0 0 0 0 0 0
75 13 0 0 0 0 0 0 0 0
80 26 0 0 0 0 0 0 0 0
81 26 0 0 0 0 0 0 0 0
83 16 0 0 16 0 0 0 0 0
84 16 0 0 0 0 0 16 0 0
86 16 0 0 0 0 0 0 0 0
87 16 0 0 0 0 0 0 0 0
92 26 0 0 0 0 0 0 0 0
93 26 0 0 0 0 0 0 0 0
95 14 0 0 14 0 0 0 0 0
96 14 0 0 0 0 0 14 2 0
98 14 0 0 0 0 0 0 0 0
99 14 0 0 0 0 0 0 0 0
104 26 0 0 0 0 0 0 0 0
105 26 0 0 0 0 0 0 0 0
107 14 0 0 14 0 0 0 0 0
108 14 0 0 0 0 0 14 2 1
110 14 0 0 0 0 0 0 0 0
111 28 0 0 0 0 0 0 0 0
116 26 1 1 0 0 0 0 0 0
117 28 0 0 0 0 0 0 0 0
122 2 0 0 2 1 0 0 0 0
123 2 0 0 2 0 0 0 0 0
124 2 0 0 0 0 0 2 1 1
125 2 0 0 0 0 0 2 1 0
127 2 0 0 0 0 0 0 0 0
129 2 0 0 0 0 0 0 0 0
130 2 0 0 0 0 0 0 0 0
132 2 0 0 0 0 0 0 0 0
138 26 0 0 0 0 0 0 0 0
142 26 0 0 26 0 0 0 0 0
154 5 0 0 0 0 0 0 0 0
156 5 0 0 0 0 0 0 0 0
157 5 0 0 0 0 0 0 0 0
183 5 1 1 0 0 0 0 0 0
184 5 0 0 0 0 0 0 0 0
187 5 0 0 0 0 0 0 0 0
188 5 0 0 0 0 0 0 0 0
189 5 0 0 0 0 0 0 0 0
194 5 0 0 0 0 0 0 0 0
196 5 0 0 5 0 0 0 0 0
197 5 0 0 5 0 0 0 0 0
198 5 0 0 5 0 0 0 0 0
199 5 1 1 5 0 0 0 0 0
201 5 0 0 0 0 0 5 3 2
202 5 0 0 0 0 0 5 2 2
203 5 0 0 0 0 0 5 0 0
204 5 0 0 0 0 0 5 0 0
206 5 0 0 0 0 0 0 0 0
207 5 0 0 0 0 0 0 0 0
209 5 0 0 0 0 0 0 0 0
231 5 1 1 0 0 0 0 0 0
233 5 0 0 0 0 0 0 0 0
235 2 0 0 0 0 0 0 0 0
242 2 0 0 2 0 0 0 0 0
fl=/build/eglibc-oGUzwX/eglibc-2.19/string/../sysdeps/x86_64/multiarch/../cacheinfo.c
fn=handle_intel
305 16 0 0 0 0 0 12 0 0
306 4 1 1 0 0 0 0 0 0
317 6 1 1 0 0 0 2 0 0
319 2 0 0 0 0 0 2 0 0
320 4 0 0 0 0 0 2 0 0
322 2 0 0 0 0 0 0 0 0
328 8 2 2 0 0 0 2 0 0
333 4 0 0 0 0 0 0 0 0
335 6 0 0 0 0 0 2 0 0
336 2 0 0 0 0 0 0 0 0
340 10 0 0 0 0 0 2 0 0
341 4 0 0 0 0 0 0 0 0
344 10 0 0 0 0 0 2 0 0
345 4 0 0 0 0 0 0 0 0
362 16 1 1 14 0 0 0 0 0
fn=init_cacheinfo
550 3 1 1 0 0 0 3 0 0
563 3 0 0 1 1 0 0 0 0
570 2 0 0 0 0 0 0 0 0
572 4 0 0 1 0 0 1 0 0
575 1 0 0 0 0 0 0 0 0
576 4 1 1 1 0 0 1 0 0
578 2 0 0 0 0 0 0 0 0
589 1 0 0 1 0 0 0 0 0
607 4 0 0 1 0 0 0 0 0
614 17 1 1 0 0 0 0 0 0
620 8 0 0 0 0 0 0 0 0
623 20 0 0 0 0 0 0 0 0
625 2 1 1 0 0 0 0 0 0
631 5 0 0 0 0 0 0 0 0
638 9 1 1 0 0 0 0 0 0
640 2 0 0 0 0 0 0 0 0
642 8 0 0 0 0 0 0 0 0
644 4 0 0 0 0 0 0 0 0
649 1 1 1 0 0 0 0 0 0
651 4 0 0 0 0 0 0 0 0
652 2 0 0 0 0 0 0 0 0
653 1 0 0 0 0 0 0 0 0
657 2 0 0 0 0 0 0 0 0
669 4 0 0 0 0 0 0 0 0
670 5 1 1 0 0 0 0 0 0
744 2 0 0 0 0 0 0 0 0
746 3 1 1 0 0 0 1 0 0
747 1 0 0 0 0 0 1 1 1
749 1 0 0 0 0 0 0 0 0
750 3 0 0 0 0 0 1 0 0
751 1 0 0 0 0 0 1 1 0
754 2 0 0 0 0 0 0 0 0
756 3 0 0 0 0 0 1 0 0
757 1 0 0 0 0 0 1 1 1
759 1 0 0 0 0 0 0 0 0
760 3 0 0 0 0 0 1 0 0
761 1 0 0 0 0 0 1 1 0
763 4 0 0 4 0 0 0 0 0
fn=intel_check_word
150 108 0 0 54 8 6 0 0 0
153 54 0 0 0 0 0 0 0 0
161 16 0 0 0 0 0 12 0 0
162 8 1 1 0 0 0 0 0 0
164 2 0 0 0 0 0 0 0 0
168 28 0 0 0 0 0 0 0 0
170 32 0 0 0 0 0 0 0 0
172 10 1 1 0 0 0 0 0 0
174 20 0 0 0 0 0 0 0 0
182 20 0 0 0 0 0 0 0 0
194 39 0 0 0 0 0 0 0 0
199 16 1 1 0 0 0 0 0 0
203 10 1 1 0 0 0 0 0 0
205 5 1 1 0 0 0 0 0 0
210 8 0 0 0 0 0 0 0 0
213 2 1 1 0 0 0 0 0 0
215 4 0 0 0 0 0 0 0 0
217 10 1 1 0 0 0 0 0 0
218 8 0 0 0 0 0 0 0 0
219 8 0 0 0 0 0 0 0 0
220 2 0 0 0 0 0 0 0 0
228 3 0 0 0 0 0 0 0 0
235 16 0 0 0 0 0 0 0 0
295 8 0 0 0 0 0 0 0 0
300 16 0 0 16 0 0 0 0 0
fl=/build/eglibc-oGUzwX/eglibc-2.19/string/../sysdeps/x86_64/multiarch/../memcmp.S
fn=__GI_memcmp
24 49 1 1 0 0 0 0 0 0
25 49 0 0 0 0 0 0 0 0
26 49 0 0 0 0 0 0 0 0
27 49 0 0 0 0 0 0 0 0
28 49 0 0 0 0 0 0 0 0
29 49 0 0 0 0 0 0 0 0
30 49 0 0 0 0 0 0 0 0
31 49 0 0 0 0 0 0 0 0
34 49 0 0 0 0 0 0 0 0
35 49 0 0 0 0 0 0 0 0
36 48 0 0 48 0 0 0 0 0
37 48 1 1 48 0 0 0 0 0
38 48 0 0 0 0 0 0 0 0
39 48 0 0 0 0 0 0 0 0
40 48 0 0 0 0 0 0 0 0
41 48 0 0 0 0 0 0 0 0
42 48 0 0 0 0 0 0 0 0
44 11 0 0 0 0 0 0 0 0
45 11 0 0 0 0 0 0 0 0
46 1 0 0 1 0 0 0 0 0
47 1 0 0 1 0 0 0 0 0
48 1 0 0 0 0 0 0 0 0
49 1 0 0 0 0 0 0 0 0
50 1 0 0 0 0 0 0 0 0
51 1 0 0 0 0 0 0 0 0
52 1 0 0 0 0 0 0 0 0
54 11 0 0 0 0 0 0 0 0
55 11 0 0 0 0 0 0 0 0
56 11 1 1 11 0 0 0 0 0
57 11 0 0 11 0 0 0 0 0
58 11 0 0 0 0 0 0 0 0
59 11 0 0 0 0 0 0 0 0
94 38 0 0 38 0 0 0 0 0
98 11 1 1 0 0 0 0 0 0
99 11 0 0 0 0 0 0 0 0
100 1 0 0 0 0 0 0 0 0
101 1 0 0 0 0 0 0 0 0
102 1 0 0 0 0 0 0 0 0
103 1 0 0 0 0 0 0 0 0
104 1 0 0 0 0 0 0 0 0
105 1 0 0 0 0 0 0 0 0
106 1 0 0 0 0 0 0 0 0
107 1 0 0 0 0 0 0 0 0
108 1 0 0 0 0 0 0 0 0
109 1 0 0 0 0 0 0 0 0
110 1 0 0 1 0 0 0 0 0
114 10 1 1 0 0 0 0 0 0
115 10 0 0 10 0 0 0 0 0
fl=/build/eglibc-oGUzwX/eglibc-2.19/string/../sysdeps/x86_64/multiarch/../memcpy.S
fn=memcpy
61 26 1 1 0 0 0 0 0 0
63 26 0 0 0 0 0 0 0 0
65 26 0 0 0 0 0 0 0 0
68 26 0 0 0 0 0 0 0 0
69 26 0 0 0 0 0 0 0 0
71 7 0 0 7 0 0 0 0 0
72 7 0 0 0 0 0 7 3 3
74 7 0 0 0 0 0 0 0 0
75 7 0 0 0 0 0 0 0 0
80 26 0 0 0 0 0 0 0 0
81 26 0 0 0 0 0 0 0 0
83 9 0 0 9 0 0 0 0 0
84 9 0 0 0 0 0 9 3 3
86 9 0 0 0 0 0 0 0 0
87 18 0 0 0 0 0 0 0 0
92 26 1 1 0 0 0 0 0 0
93 26 0 0 0 0 0 0 0 0
95 9 0 0 9 0 0 0 0 0
96 9 0 0 0 0 0 9 1 1
98 9 0 0 0 0 0 0 0 0
99 9 0 0 0 0 0 0 0 0
104 26 0 0 0 0 0 0 0 0
105 26 0 0 0 0 0 0 0 0
107 15 0 0 15 0 0 0 0 0
108 15 0 0 0 0 0 15 0 0
110 15 0 0 0 0 0 0 0 0
111 15 0 0 0 0 0 0 0 0
116 26 0 0 0 0 0 0 0 0
117 39 0 0 0 0 0 0 0 0
122 13 0 0 13 1 0 0 0 0
123 13 0 0 13 0 0 0 0 0
124 13 0 0 0 0 0 13 2 2
125 13 0 0 0 0 0 13 3 1
127 13 0 0 0 0 0 0 0 0
129 13 0 0 0 0 0 0 0 0
130 13 0 0 0 0 0 0 0 0
132 13 0 0 0 0 0 0 0 0
140 26 1 1 26 0 0 0 0 0
148 11 0 0 0 0 0 11 0 0
154 11 0 0 0 0 0 0 0 0
156 11 0 0 0 0 0 0 0 0
157 11 0 0 0 0 0 0 0 0
160 5 0 0 0 0 0 0 0 0
161 10 0 0 0 0 0 0 0 0
166 16 1 1 16 0 0 0 0 0
167 16 0 0 0 0 0 16 1 1
169 16 0 0 0 0 0 0 0 0
171 16 0 0 0 0 0 0 0 0
172 16 0 0 0 0 0 0 0 0
174 21 0 0 0 0 0 0 0 0
183 11 0 0 0 0 0 0 0 0
184 11 0 0 0 0 0 0 0 0
187 11 0 0 0 0 0 0 0 0
188 11 0 0 0 0 0 0 0 0
189 11 0 0 0 0 0 0 0 0
194 11 0 0 0 0 0 0 0 0
196 11 0 0 11 4 1 0 0 0
197 11 0 0 11 0 0 0 0 0
198 11 0 0 11 0 0 0 0 0
199 11 1 1 11 0 0 0 0 0
201 11 0 0 0 0 0 11 5 5
202 11 0 0 0 0 0 11 2 0
203 11 0 0 0 0 0 11 2 2
204 11 0 0 0 0 0 11 2 0
206 11 0 0 0 0 0 0 0 0
207 11 0 0 0 0 0 0 0 0
209 11 0 0 0 0 0 0 0 0
211 4 0 0 0 0 0 0 0 0
213 4 0 0 4 4 4 0 0 0
214 4 0 0 4 0 0 0 0 0
215 4 0 0 4 0 0 0 0 0
216 4 0 0 4 0 0 0 0 0
218 4 0 0 0 0 0 4 4 0
219 4 0 0 0 0 0 4 0 0
220 4 0 0 0 0 0 4 0 0
221 4 0 0 0 0 0 4 0 0
223 4 0 0 0 0 0 0 0 0
224 4 0 0 0 0 0 0 0 0
226 5 0 0 0 0 0 0 0 0
231 11 1 1 0 0 0 0 0 0
237 11 0 0 11 0 0 0 0 0
238 11 0 0 0 0 0 0 0 0
fl=/build/eglibc-oGUzwX/eglibc-2.19/string/../sysdeps/x86_64/multiarch/../rtld-strlen.S
fn=strlen
26 25 1 1 0 0 0 0 0 0
27 25 0 0 0 0 0 0 0 0
28 25 0 0 0 0 0 0 0 0
29 25 0 0 0 0 0 0 0 0
31 14 0 0 0 0 0 0 0 0
32 14 0 0 0 0 0 0 0 0
34 44 0 0 44 0 0 0 0 0
35 44 0 0 0 0 0 0 0 0
36 43 0 0 0 0 0 0 0 0
37 43 0 0 0 0 0 0 0 0
38 43 0 0 0 0 0 0 0 0
40 48 0 0 0 0 0 0 0 0
45 31 1 1 31 4 1 0 0 0
46 31 0 0 0 0 0 0 0 0
47 31 0 0 0 0 0 0 0 0
48 31 0 0 0 0 0 0 0 0
51 31 0 0 0 0 0 0 0 0
52 27 0 0 0 0 0 0 0 0
53 27 0 0 0 0 0 0 0 0
54 27 0 0 0 0 0 0 0 0
56 27 0 0 0 0 0 0 0 0
59 26 0 0 26 0 0 0 0 0
60 26 0 0 0 0 0 0 0 0
61 26 0 0 0 0 0 0 0 0
62 26 0 0 0 0 0 0 0 0
65 26 0 0 0 0 0 0 0 0
66 20 0 0 0 0 0 0 0 0
67 20 0 0 0 0 0 0 0 0
68 20 0 0 0 0 0 0 0 0
70 20 0 0 0 0 0 0 0 0
73 12 0 0 12 1 0 0 0 0
74 12 0 0 0 0 0 0 0 0
75 12 0 0 0 0 0 0 0 0
76 12 0 0 0 0 0 0 0 0
79 12 0 0 0 0 0 0 0 0
80 12 0 0 0 0 0 0 0 0
81 12 0 0 0 0 0 0 0 0
82 12 0 0 0 0 0 0 0 0
84 12 0 0 0 0 0 0 0 0
87 12 0 0 12 1 0 0 0 0
88 12 0 0 0 0 0 0 0 0
89 12 0 0 0 0 0 0 0 0
90 12 0 0 0 0 0 0 0 0
93 12 0 0 0 0 0 0 0 0
94 10 0 0 0 0 0 0 0 0
95 10 0 0 0 0 0 0 0 0
96 10 0 0 0 0 0 0 0 0
98 13 0 0 0 0 0 0 0 0
101 24 1 1 0 0 0 0 0 0
103 24 0 0 0 0 0 0 0 0
104 24 0 0 0 0 0 0 0 0
105 21 0 0 0 0 0 0 0 0
107 21 0 0 0 0 0 0 0 0
108 21 0 0 0 0 0 0 0 0
109 19 1 1 0 0 0 0 0 0
111 19 0 0 0 0 0 0 0 0
112 19 0 0 0 0 0 0 0 0
113 18 0 0 0 0 0 0 0 0
115 18 0 0 0 0 0 0 0 0
116 18 0 0 0 0 0 0 0 0
117 14 0 0 0 0 0 0 0 0
119 14 0 0 0 0 0 0 0 0
121 14 0 0 0 0 0 0 0 0
122 14 0 0 0 0 0 0 0 0
123 12 0 0 0 0 0 0 0 0
125 12 0 0 0 0 0 0 0 0
126 12 0 0 0 0 0 0 0 0
127 10 0 0 0 0 0 0 0 0
129 10 0 0 0 0 0 0 0 0
130 10 0 0 0 0 0 0 0 0
131 7 0 0 0 0 0 0 0 0
133 25 0 0 0 0 0 0 0 0
134 25 0 0 25 0 0 0 0 0
fl=/build/eglibc-oGUzwX/eglibc-2.19/string/../sysdeps/x86_64/multiarch/../strchr.S
fn=index
24 18 1 1 0 0 0 0 0 0
25 18 0 0 0 0 0 0 0 0
26 18 0 0 0 0 0 0 0 0
27 18 0 0 0 0 0 0 0 0
28 18 0 0 0 0 0 0 0 0
29 18 0 0 0 0 0 0 0 0
30 18 0 0 0 0 0 0 0 0
31 18 0 0 0 0 0 0 0 0
32 18 0 0 18 7 6 0 0 0
33 18 0 0 0 0 0 0 0 0
34 18 0 0 0 0 0 0 0 0
35 18 0 0 0 0 0 0 0 0
36 18 0 0 0 0 0 0 0 0
37 18 0 0 0 0 0 0 0 0
38 18 0 0 0 0 0 0 0 0
39 18 1 1 0 0 0 0 0 0
40 18 0 0 0 0 0 0 0 0
41 15 0 0 0 0 0 0 0 0
45 15 0 0 0 0 0 0 0 0
46 15 0 0 0 0 0 0 0 0
47 15 0 0 15 0 0 0 0 0
48 15 0 0 0 0 0 0 0 0
50 15 0 0 15 0 0 0 0 0
54 3 0 0 3 0 0 0 0 0
55 3 0 0 0 0 0 0 0 0
56 3 0 0 0 0 0 0 0 0
57 3 0 0 0 0 0 0 0 0
58 3 0 0 0 0 0 0 0 0
59 3 0 0 0 0 0 0 0 0
60 3 0 0 3 1 0 0 0 0
61 3 0 0 0 0 0 0 0 0
62 3 0 0 0 0 0 0 0 0
63 3 1 1 0 0 0 0 0 0
64 3 0 0 0 0 0 0 0 0
65 3 0 0 0 0 0 0 0 0
66 3 0 0 0 0 0 0 0 0
67 3 0 0 3 2 2 0 0 0
68 3 0 0 0 0 0 0 0 0
69 3 0 0 0 0 0 0 0 0
70 3 0 0 0 0 0 0 0 0
71 3 0 0 0 0 0 0 0 0
72 3 0 0 0 0 0 0 0 0
73 3 0 0 0 0 0 0 0 0
74 3 0 0 0 0 0 0 0 0
75 3 0 0 0 0 0 0 0 0
76 3 0 0 0 0 0 0 0 0
77 3 0 0 0 0 0 0 0 0
129 3 1 1 0 0 0 0 0 0
133 3 0 0 0 0 0 0 0 0
134 3 0 0 0 0 0 0 0 0
135 3 0 0 3 0 0 0 0 0
136 3 0 0 0 0 0 0 0 0
138 3 0 0 3 0 0 0 0 0
fl=/build/eglibc-oGUzwX/eglibc-2.19/string/../sysdeps/x86_64/multiarch/../strcmp.S
fn=__strcmp_ssse3
180 9 1 1 0 0 0 0 0 0
181 9 0 0 0 0 0 0 0 0
183 9 0 0 0 0 0 0 0 0
184 9 0 0 0 0 0 0 0 0
205 9 0 0 0 0 0 0 0 0
206 9 0 0 0 0 0 0 0 0
207 9 0 0 0 0 0 0 0 0
208 9 0 0 0 0 0 0 0 0
209 8 0 0 8 0 0 0 0 0
210 8 0 0 8 1 0 0 0 0
211 8 0 0 8 0 0 0 0 0
212 8 0 0 8 0 0 0 0 0
233 8 0 0 0 0 0 0 0 0
234 8 0 0 0 0 0 0 0 0
235 8 0 0 0 0 0 0 0 0
236 8 0 0 0 0 0 0 0 0
237 8 0 0 0 0 0 0 0 0
238 8 1 1 0 0 0 0 0 0
239 8 0 0 0 0 0 0 0 0
254 1 0 0 0 0 0 0 0 0
255 1 0 0 0 0 0 0 0 0
256 1 0 0 0 0 0 0 0 0
257 1 0 0 0 0 0 0 0 0
258 1 0 0 0 0 0 0 0 0
259 1 0 0 0 0 0 0 0 0
260 1 0 0 0 0 0 0 0 0
261 1 0 0 0 0 0 0 0 0
262 1 0 0 0 0 0 0 0 0
267 1 0 0 0 0 0 0 0 0
268 1 0 0 0 0 0 0 0 0
269 1 1 1 0 0 0 0 0 0
270 1 0 0 1 1 1 0 0 0
271 1 0 0 0 0 0 0 0 0
272 1 0 0 0 0 0 0 0 0
1982 1 1 1 0 0 0 0 0 0
1983 1 0 0 1 1 0 0 0 0
1984 1 0 0 1 1 1 0 0 0
1985 1 0 0 0 0 0 0 0 0
1986 1 0 0 0 0 0 0 0 0
1988 1 0 0 0 0 0 0 0 0
1989 1 0 0 0 0 0 0 0 0
1990 1 0 0 0 0 0 0 0 0
1991 1 0 0 0 0 0 0 0 0
1992 1 0 0 0 0 0 0 0 0
1993 1 0 0 0 0 0 0 0 0
1994 1 0 0 0 0 0 0 0 0
2238 1 0 0 0 0 0 0 0 0
2239 1 0 0 0 0 0 0 0 0
2240 1 0 0 0 0 0 0 0 0
2241 1 0 0 0 0 0 0 0 0
2247 9 1 1 0 0 0 0 0 0
2253 9 0 0 9 0 0 0 0 0
2254 9 0 0 9 0 0 0 0 0
2262 9 0 0 0 0 0 0 0 0
2263 9 0 0 9 0 0 0 0 0
fn=strcmp
131 19774 1 1 19774 186 35 0 0 0
132 19774 0 0 19774 109 9 0 0 0
133 19774 0 0 0 0 0 0 0 0
134 19253 0 0 0 0 0 0 0 0
135 19253 0 0 0 0 0 0 0 0
136 19253 0 0 0 0 0 0 0 0
137 19253 0 0 0 0 0 0 0 0
139 1527 0 0 0 0 0 0 0 0
140 1527 0 0 1527 0 0 0 0 0
142 521 0 0 0 0 0 0 0 0
143 521 0 0 0 0 0 0 0 0
144 521 0 0 0 0 0 0 0 0
145 521 0 0 521 0 0 0 0 0
fl=/build/eglibc-oGUzwX/eglibc-2.19/string/../sysdeps/x86_64/multiarch/memmove.c
fn=memcpy@GLIBC_2.2.5
49 1 1 1 0 0 0 0 0 0
fl=/build/eglibc-oGUzwX/eglibc-2.19/string/../sysdeps/x86_64/multiarch/strcmp.S
fn=strcasecmp
114 1 1 1 1 1 1 0 0 0
115 1 0 0 0 0 0 0 0 0
116 1 0 0 0 0 0 1 0 0
119 1 0 0 0 0 0 0 0 0
120 1 0 0 1 0 0 0 0 0
121 1 0 0 0 0 0 0 0 0
132 1 1 1 1 0 0 0 0 0
fn=strcmp
88 2 1 1 2 2 0 0 0 0
89 2 0 0 0 0 0 0 0 0
93 2 0 0 0 0 0 0 0 0
94 2 0 0 2 0 0 0 0 0
95 2 1 1 0 0 0 0 0 0
103 2 0 0 0 0 0 0 0 0
104 2 0 0 2 0 0 0 0 0
105 2 0 0 0 0 0 0 0 0
107 2 0 0 2 0 0 0 0 0
fn=strncasecmp
140 1 1 1 1 0 0 0 0 0
141 1 0 0 0 0 0 0 0 0
145 1 0 0 0 0 0 0 0 0
146 1 0 0 1 0 0 0 0 0
147 1 0 0 0 0 0 0 0 0
158 1 1 1 1 0 0 0 0 0
fl=/build/eglibc-oGUzwX/eglibc-2.19/string/../sysdeps/x86_64/rtld-memset.S
fn=memset
30 23 1 0 0 0 0 0 0 0
31 23 0 0 0 0 0 0 0 0
32 23 0 0 0 0 0 0 0 0
33 5019 0 0 0 0 0 4996 157 80
34 23 0 0 0 0 0 0 0 0
35 23 0 0 23 0 0 0 0 0
fl=/build/eglibc-oGUzwX/eglibc-2.19/string/../sysdeps/x86_64/strlen.S
fn=strlen
66 69 1 1 0 0 0 0 0 0
67 69 0 0 0 0 0 0 0 0
68 69 0 0 0 0 0 0 0 0
69 69 2 1 0 0 0 0 0 0
70 69 0 0 0 0 0 0 0 0
71 69 0 0 0 0 0 0 0 0
72 69 0 0 0 0 0 0 0 0
74 69 0 0 0 0 0 0 0 0
76 69 0 0 0 0 0 0 0 0
106 69 0 0 69 7 5 0 0 0
107 69 0 0 0 0 0 0 0 0
108 69 0 0 0 0 0 0 0 0
109 69 0 0 0 0 0 0 0 0
110 69 0 0 0 0 0 0 0 0
111 68 0 0 0 0 0 0 0 0
112 68 0 0 68 0 0 0 0 0
116 1 0 0 0 0 0 0 0 0
117 1 0 0 1 0 0 0 0 0
118 1 1 1 1 1 0 0 0 0
119 1 0 0 1 0 0 0 0 0
120 1 0 0 0 0 0 0 0 0
121 1 0 0 0 0 0 0 0 0
122 1 0 0 0 0 0 0 0 0
123 1 0 0 0 0 0 0 0 0
124 1 0 0 0 0 0 0 0 0
125 1 0 0 0 0 0 0 0 0
126 1 0 0 0 0 0 0 0 0
127 1 0 0 0 0 0 0 0 0
132 8 0 0 1 0 0 0 0 0
fl=/build/eglibc-oGUzwX/eglibc-2.19/string/../sysdeps/x86_64/strrchr.S
fn=rindex
24 1 1 1 0 0 0 0 0 0
25 1 0 0 0 0 0 0 0 0
26 1 0 0 0 0 0 0 0 0
27 1 0 0 0 0 0 0 0 0
28 1 1 1 0 0 0 0 0 0
29 1 0 0 0 0 0 0 0 0
30 1 0 0 0 0 0 0 0 0
31 1 0 0 0 0 0 0 0 0
32 1 0 0 1 1 0 0 0 0
33 1 0 0 0 0 0 0 0 0
34 1 0 0 0 0 0 0 0 0
35 1 0 0 0 0 0 0 0 0
36 1 0 0 0 0 0 0 0 0
37 1 0 0 0 0 0 0 0 0
38 1 0 0 0 0 0 0 0 0
39 1 0 0 0 0 0 0 0 0
40 1 0 0 0 0 0 0 0 0
41 1 0 0 0 0 0 0 0 0
42 1 0 0 0 0 0 0 0 0
43 1 0 0 0 0 0 0 0 0
44 1 1 1 0 0 0 0 0 0
45 1 0 0 0 0 0 0 0 0
46 1 0 0 0 0 0 0 0 0
47 1 0 0 1 0 0 0 0 0
fl=/build/eglibc-oGUzwX/eglibc-2.19/string/wordcopy.c
fn=_wordcopy_fwd_aligned
38 24 2 1 4 2 1 0 0 0
41 4 2 1 4 0 0 0 0 0
42 4 0 0 0 0 0 0 0 0
43 4 0 0 0 0 0 0 0 0
44 4 0 0 0 0 0 0 0 0
45 4 0 0 0 0 0 0 0 0
118 4 2 1 4 0 0 0 0 0
119 4 0 0 0 0 0 4 0 0
122 4 0 0 0 0 0 0 0 0
125 8 0 0 0 0 0 0 0 0
130 8 2 1 4 0 0 4 0 0
fl=/build/eglibc-oGUzwX/eglibc-2.19/time/../sysdeps/generic/dl-hash.h
fn=gettimeofday
43 1 0 0 0 0 0 0 0 0
44 1 0 0 0 0 0 0 0 0
45 13 0 0 4 0 0 0 0 0
48 12 0 0 0 0 0 0 0 0
49 8 0 0 0 0 0 0 0 0
62 8 0 0 0 0 0 0 0 0
67 1 0 0 0 0 0 0 0 0
fn=time
43 1 0 0 0 0 0 0 0 0
44 1 1 1 0 0 0 0 0 0
45 13 1 1 4 1 1 0 0 0
48 12 0 0 0 0 0 0 0 0
49 8 0 0 0 0 0 0 0 0
62 8 0 0 0 0 0 0 0 0
67 1 0 0 0 0 0 0 0 0
fl=/build/eglibc-oGUzwX/eglibc-2.19/time/../sysdeps/unix/sysv/linux/x86_64/gettimeofday.c
fn=gettimeofday
30 1 0 0 0 0 0 0 0 0
31 7 2 2 0 0 0 4 0 0
34 3 1 1 0 0 0 1 0 0
35 3 0 0 0 0 0 0 0 0
36 3 0 0 1 0 0 0 0 0
fl=/build/eglibc-oGUzwX/eglibc-2.19/time/../sysdeps/unix/sysv/linux/x86_64/time.c
fn=time
36 1 0 0 0 0 0 0 0 0
37 7 1 1 0 0 0 4 0 0
40 6 0 0 0 0 0 1 0 0
41 3 0 0 1 0 0 0 0 0
fl=/build/eglibc-oGUzwX/eglibc-2.19/wcsmbs/./wcsmbsload.h
fn=btowc
71 384 1 1 128 1 0 0 0 0
73 384 1 1 0 0 0 0 0 0
74 256 0 0 0 0 0 0 0 0
fl=/build/eglibc-oGUzwX/eglibc-2.19/wcsmbs/btowc.c
fn=btowc
34 1280 2 2 0 0 0 768 0 0
39 1280 0 0 0 0 0 0 0 0
40 256 0 0 0 0 0 0 0 0
44 768 0 0 0 0 0 0 0 0
48 384 0 0 384 1 0 0 0 0
49 256 0 0 256 1 0 0 0 0
51 256 0 0 128 1 0 0 0 0
52 256 0 0 0 0 0 0 0 0
56 256 0 0 128 1 0 0 0 0
59 768 1 1 128 0 0 256 0 0
101 1280 0 0 1024 0 0 0 0 0
fl=/build/eglibc-oGUzwX/eglibc-2.19/wcsmbs/wctob.c
fn=wctob
32 896 1 1 0 0 0 640 0 0
41 256 0 0 0 0 0 0 0 0
46 256 0 0 0 0 0 0 0 0
47 128 0 0 0 0 0 0 0 0
84 896 0 0 768 0 0 0 0 0
fl=/build/eglibc-oGUzwX/eglibc-2.19/wctype/wctype_l.c
fn=wctype_l
27 90 1 1 0 0 0 60 0 0
30 20 0 0 0 0 0 10 0 0
33 30 0 0 20 1 0 0 0 0
34 58 0 0 0 0 0 0 0 0
36 174 1 1 0 0 0 58 0 0
38 410 0 0 0 0 0 49 0 0
41 48 0 0 0 0 0 0 0 0
42 96 0 0 48 0 0 0 0 0
46 10 0 0 10 1 0 0 0 0
47 10 0 0 10 3 0 0 0 0
48 80 1 1 70 0 0 0 0 0
fl=???
fn=???
0 4420 168 149 3586 163 6 363 28 7
fn=_GLOBAL__sub_I__Z16multiplicaMatrizPPiS0_S0_ii
0 7 1 1 2 0 0 2 0 0
fn=__atan2_finite
0 9 0 0 2 0 0 1 0 0
fn=__cpu_indicator_init
0 88 8 8 19 3 1 13 0 0
fn=__cxa_guard_acquire
0 26 3 3 10 1 0 6 0 0
fn=__cxa_guard_release
0 5 2 2 2 0 0 2 0 0
fn=__cxxabiv1::__si_class_type_info::__do_dyncast(long, __cxxabiv1::__class_type_info::__sub_kind, __cxxabiv1::__class_type_info const*, void const*, __cxxabiv1::__class_type_info const*, void const*, __cxxabiv1::__class_type_info::__dyncast_result&) const
0 1360 4 4 440 2 0 360 0 0
fn=__cxxabiv1::__vmi_class_type_info::__do_dyncast(long, __cxxabiv1::__class_type_info::__sub_kind, __cxxabiv1::__class_type_info const*, void const*, __cxxabiv1::__class_type_info const*, void const*, __cxxabiv1::__class_type_info::__dyncast_result&) const
0 472 5 5 184 2 1 136 0 0
fn=__dynamic_cast
0 2256 3 3 768 29 0 576 0 0
fn=__gnu_cxx::__enable_if<std::__is_integer<unsigned long>::__value, double>::__type std::sqrt<unsigned long>(unsigned long)
0 20 2 1 5 0 0 4 0 0
fn=__gnu_cxx::stdio_sync_filebuf<char, std::char_traits<char> >::sync()
0 6 1 1 3 1 0 0 0 0
fn=__gnu_cxx::stdio_sync_filebuf<char, std::char_traits<char> >::xsputn(char const*, long)
0 5 1 1 1 1 0 0 0 0
fn=__gnu_cxx::stdio_sync_filebuf<wchar_t, std::char_traits<wchar_t> >::sync()
0 6 0 0 3 2 0 0 0 0
fn=__libc_csu_init
0 41 3 2 9 3 1 9 0 0
fn=__log_finite
0 9 1 1 2 0 0 1 0 0
fn=__static_initialization_and_destruction_0(int, int)
0 17 1 1 4 1 0 5 0 0
fn=_dl_debug_initialize
0 7 1 1 6 0 0 0 0 0
fn=bool std::has_facet<std::ctype<char> >(std::locale const&)
0 84 2 2 36 3 0 12 0 0
fn=bool std::has_facet<std::ctype<wchar_t> >(std::locale const&)
0 84 2 2 36 3 0 12 0 0
fn=bool std::has_facet<std::num_get<char, std::istreambuf_iterator<char, std::char_traits<char> > > >(std::locale const&)
0 84 1 1 36 1 0 12 0 0
fn=bool std::has_facet<std::num_get<wchar_t, std::istreambuf_iterator<wchar_t, std::char_traits<wchar_t> > > >(std::locale const&)
0 84 1 1 36 2 0 12 0 0
fn=bool std::has_facet<std::num_put<char, std::ostreambuf_iterator<char, std::char_traits<char> > > >(std::locale const&)
0 84 2 2 36 2 0 12 0 0
fn=bool std::has_facet<std::num_put<wchar_t, std::ostreambuf_iterator<wchar_t, std::char_traits<wchar_t> > > >(std::locale const&)
0 84 2 2 36 2 0 12 0 0
fn=main
0 669549 15 15 283421 152 0 34071 4305 1902
fn=memcpy@GLIBC_2.2.5
0 12 1 1 4 0 0 0 0 0
fn=multiplicaMatriz(int**, int**, int**, int, int)
0 103957646 4 4 44843652 270942 0 2064519 2113 928
fn=operator delete(void*)
0 387 1 1 0 0 0 0 0 0
fn=operator delete[](void*)
0 387 1 1 0 0 0 0 0 0
fn=operator new(unsigned long)
0 4257 1 1 774 0 0 774 0 0
fn=operator new[](unsigned long)
0 387 1 1 0 0 0 0 0 0
fn=sin
0 9 1 1 2 0 0 1 0 0
fn=std::_V2::error_category::~error_category()
0 3 1 1 3 0 0 0 0 0
fn=std::__timepunct<char>::_M_initialize_timepunct(__locale_struct*)
0 105 12 12 6 0 0 52 0 0
fn=std::__timepunct<char>::__timepunct(std::__timepunct_cache<char>*, unsigned long)
0 22 2 2 4 0 0 9 1 1
fn=std::__timepunct<wchar_t>::_M_initialize_timepunct(__locale_struct*)
0 103 13 13 5 0 0 51 0 0
fn=std::__timepunct<wchar_t>::__timepunct(std::__timepunct_cache<wchar_t>*, unsigned long)
0 22 2 2 4 1 0 9 1 0
fn=std::basic_ios<char, std::char_traits<char> >::_M_cache_locale(std::locale const&)
0 120 2 2 12 0 0 44 0 0
fn=std::basic_ios<char, std::char_traits<char> >::init(std::basic_streambuf<char, std::char_traits<char> >*)
0 88 3 3 12 0 0 40 1 0
fn=std::basic_ios<wchar_t, std::char_traits<wchar_t> >::_M_cache_locale(std::locale const&)
0 120 3 3 12 0 0 44 0 0
fn=std::basic_ios<wchar_t, std::char_traits<wchar_t> >::init(std::basic_streambuf<wchar_t, std::char_traits<wchar_t> >*)
0 88 2 2 12 0 0 40 0 0
fn=std::basic_ostream<char, std::char_traits<char> >& std::__ostream_insert<char, std::char_traits<char> >(std::basic_ostream<char, std::char_traits<char> >&, char const*, long)
0 50 5 5 21 2 0 11 0 0
fn=std::basic_ostream<char, std::char_traits<char> >& std::operator<< <std::char_traits<char> >(std::basic_ostream<char, std::char_traits<char> >&, char const*)
0 18 2 2 3 0 0 4 0 0
fn=std::basic_ostream<wchar_t, std::char_traits<wchar_t> >::flush()
0 42 2 2 21 10 0 6 0 0
fn=std::codecvt<char, char, __mbstate_t>::codecvt(unsigned long)
0 17 2 2 4 1 0 6 2 2
fn=std::codecvt<wchar_t, char, __mbstate_t>::codecvt(unsigned long)
0 17 1 1 4 1 0 6 2 1
fn=std::ctype<char> const& std::use_facet<std::ctype<char> >(std::locale const&)
0 76 2 2 36 1 0 12 0 0
fn=std::ctype<char>::ctype(unsigned short const*, bool, unsigned long)
0 115 4 4 8 2 0 79 18 9
fn=std::ctype<wchar_t> const& std::use_facet<std::ctype<wchar_t> >(std::locale const&)
0 76 2 2 36 0 0 12 0 0
fn=std::ctype<wchar_t>::_M_convert_to_wmask(unsigned short) const
0 137 6 6 12 0 0 0 0 0
fn=std::ctype<wchar_t>::_M_initialize_ctype()
0 2757 4 4 5 0 0 810 40 20
fn=std::ctype<wchar_t>::ctype(unsigned long)
0 19 2 2 3 0 0 7 1 1
fn=std::error_category::error_category()
0 8 1 1 4 1 0 2 0 0
fn=std::error_category::~error_category()
0 2 0 0 2 0 0 0 0 0
fn=std::future_category()
0 17 2 2 2 1 1 3 0 0
fn=std::ios_base::Init::Init()
0 269 32 32 41 21 0 168 34 9
fn=std::ios_base::Init::~Init()
0 23 3 3 9 8 0 7 0 0
fn=std::ios_base::_M_init()
0 144 2 2 24 0 0 64 0 0
fn=std::ios_base::ios_base()
0 472 4 4 8 3 0 216 56 27
fn=std::locale::_Impl::_Impl(unsigned long)
0 869 67 67 77 42 1 417 89 46
fn=std::locale::_Impl::_M_install_facet(std::locale::id const*, std::locale::facet const*)
0 7530 5 5 2220 1 0 240 0 0
fn=std::locale::facet::_S_create_c_locale(__locale_struct*&, char const*, __locale_struct*)
0 9 2 2 2 0 0 3 0 0
fn=std::locale::facet::_S_get_c_locale()
0 92 1 1 41 0 0 11 0 0
fn=std::locale::facet::_S_get_c_name()
0 10 1 1 5 0 0 0 0 0
fn=std::locale::id::_M_id() const
0 700 1 1 232 13 4 60 0 0
fn=std::locale::locale()
0 440 3 3 176 1 0 132 3 0
fn=std::locale::operator=(std::locale const&)
0 144 3 3 64 0 0 24 0 0
fn=std::locale::~locale()
0 88 1 1 40 0 0 16 0 0
fn=std::messages<char>::messages(unsigned long)
0 19 2 2 4 1 0 8 1 1
fn=std::messages<wchar_t>::messages(unsigned long)
0 19 2 2 4 1 0 8 1 0
fn=std::moneypunct<char, false>::_M_initialize_moneypunct(__locale_struct*, char const*)
0 98 5 5 23 4 1 31 0 0
fn=std::moneypunct<char, true>::_M_initialize_moneypunct(__locale_struct*, char const*)
0 98 5 5 23 0 0 31 0 0
fn=std::moneypunct<wchar_t, false>::_M_initialize_moneypunct(__locale_struct*, char const*)
0 106 6 6 27 3 0 32 0 0
fn=std::moneypunct<wchar_t, true>::_M_initialize_moneypunct(__locale_struct*, char const*)
0 106 6 6 27 0 0 32 0 0
fn=std::num_get<char, std::istreambuf_iterator<char, std::char_traits<char> > > const& std::use_facet<std::num_get<char, std::istreambuf_iterator<char, std::char_traits<char> > > >(std::locale const&)
0 76 1 1 36 0 0 12 0 0
fn=std::num_get<wchar_t, std::istreambuf_iterator<wchar_t, std::char_traits<wchar_t> > > const& std::use_facet<std::num_get<wchar_t, std::istreambuf_iterator<wchar_t, std::char_traits<wchar_t> > > >(std::locale const&)
0 76 2 2 36 0 0 12 0 0
fn=std::num_put<char, std::ostreambuf_iterator<char, std::char_traits<char> > > const& std::use_facet<std::num_put<char, std::ostreambuf_iterator<char, std::char_traits<char> > > >(std::locale const&)
0 76 2 2 36 0 0 12 0 0
fn=std::num_put<wchar_t, std::ostreambuf_iterator<wchar_t, std::char_traits<wchar_t> > > const& std::use_facet<std::num_put<wchar_t, std::ostreambuf_iterator<wchar_t, std::char_traits<wchar_t> > > >(std::locale const&)
0 76 2 2 36 0 0 12 0 0
fn=std::numpunct<char>::_M_initialize_numpunct(__locale_struct*)
0 349 6 6 72 7 2 75 1 0
fn=std::numpunct<wchar_t>::_M_initialize_numpunct(__locale_struct*)
0 349 7 7 73 2 0 75 7 3
fn=std::ostream::flush()
0 42 2 2 21 7 0 6 0 0
fn=std::ostream::sentry::sentry(std::ostream&)
0 21 2 2 7 4 0 5 0 0
summary: 106327170 1472 1421 45541005 289530 6513 2252667 9941 4438
